DHM25_subset.asc
ncols        198
nrows        140
xllcorner    783054.000000000000
yllcorner    203748.000000000000
cellsize     25.000000000000
NODATA_value  -9999
[rows 84 to 104 of 140, columns 144 to 191 of 198]
2003.4000244140625 1994.300048828125 1990.5 1984.4000244140625 1978.800048828125 1973.5 1971.0999755859375 1969 1968 1966.800048828125 1964.699951171875 1962.5 1960.300048828125 1962.4000244140625 1964.5999755859375 1963.9000244140625 1962.199951171875 1963.4000244140625 1964.699951171875 1969 1972.800048828125 1975.300048828125 1977.699951171875 1976.199951171875 1976.5999755859375 1976.199951171875 1974.5 1972.5 1969.699951171875 1966.4000244140625 1963.4000244140625 1961.699951171875 1956.0999755859375 1947.199951171875 1938.4000244140625 1930 1920.699951171875 1910.699951171875 1901.300048828125 1888 1874 1860.800048828125 1844 1829.5 1814.0999755859375 1797.800048828125 1785.800048828125 1774.5999755859375
1989.699951171875 1979.5 1975.800048828125 1970.800048828125 1964.800048828125 1959.699951171875 1957.9000244140625 1955 1952.5999755859375 1950.300048828125 1947.800048828125 1945.4000244140625 1943.199951171875 1943.800048828125 1944.699951171875 1945.0999755859375 1944.300048828125 1942.800048828125 1943.4000244140625 1951.300048828125 1958 1961.199951171875 1964 1965.5 1965.699951171875 1965 1963.4000244140625 1961.9000244140625 1961.5 1958.300048828125 1953.699951171875 1951.300048828125 1944.699951171875 1938 1930 1921.5999755859375 1911.5999755859375 1903.5999755859375 1894.300048828125 1882.0999755859375 1866 1851.5999755859375 1836.800048828125 1824.0999755859375 1808.4000244140625 1794.5 1784.0999755859375 1773.699951171875
1976.5999755859375 1971.0999755859375 1964.300048828125 1958.0999755859375 1951.300048828125 1946.5 1943 1939.300048828125 1935.800048828125 1933.4000244140625 1931 1926.300048828125 1924.4000244140625 1923.199951171875 1922.199951171875 1922.5999755859375 1924.9000244140625 1926.300048828125 1926 1931.4000244140625 1939 1944 1948.0999755859375 1952 1952.4000244140625 1951.9000244140625 1950 1951.4000244140625 1950.0999755859375 1948.5999755859375 1944.4000244140625 1940.300048828125 1934.800048828125 1929.300048828125 1922.199951171875 1913.4000244140625 1903 1893.9000244140625 1884.4000244140625 1873.9000244140625 1858.0999755859375 1840.9000244140625 1830.5999755859375 1818.800048828125 1798.199951171875 1791.0999755859375 1780.0999755859375 1769.4000244140625
1965.199951171875 1961.199951171875 1953.5 1943.9000244140625 1937.699951171875 1932.699951171875 1929.4000244140625 1925.0999755859375 1920.5 1917.4000244140625 1915.5 1909.199951171875 1907.0999755859375 1906.699951171875 1906 1906.9000244140625 1908.300048828125 1909.0999755859375 1909.5 1911.9000244140625 1918 1923.5 1928.199951171875 1936.4000244140625 1940.300048828125 1937 1936.4000244140625 1941.5 1938.300048828125 1936.9000244140625 1934.199951171875 1929.300048828125 1924.4000244140625 1919.5 1912.4000244140625 1903 1894.699951171875 1885 1874.4000244140625 1863.300048828125 1845.5 1833.4000244140625 1823.4000244140625 1806.9000244140625 1794.199951171875 1785.9000244140625 1777.5999755859375 1763
1953.9000244140625 1949.800048828125 1946.9000244140625 1935.4000244140625 1925.9000244140625 1920 1915.9000244140625 1912.199951171875 1908.199951171875 1904.0999755859375 1901.5999755859375 1892.5 1890.300048828125 1890.0999755859375 1890.0999755859375 1892 1892.699951171875 1893 1893.300048828125 1894.9000244140625 1899.0999755859375 1902.5 1909.0999755859375 1917.300048828125 1920.199951171875 1922.699951171875 1924.699951171875 1928.0999755859375 1928 1925.300048828125 1922.4000244140625 1917.800048828125 1912 1905.9000244140625 1899.300048828125 1891.5 1883.699951171875 1874.300048828125 1863 1847.199951171875 1835.0999755859375 1825.5 1812.800048828125 1798.199951171875 1790.699951171875 1782.699951171875 1772.300048828125 1761.0999755859375
1942.9000244140625 1938.5999755859375 1936.800048828125 1934.300048828125 1920.9000244140625 1910.699951171875 1904 1900 1896.300048828125 1892.5 1892.4000244140625 1880.300048828125 1876.0999755859375 1876.0999755859375 1874.9000244140625 1877.0999755859375 1878.300048828125 1878.300048828125 1876.300048828125 1877.300048828125 1881.300048828125 1884.199951171875 1889 1896.0999755859375 1899.0999755859375 1904.5 1908.699951171875 1911.9000244140625 1912.199951171875 1911.800048828125 1907.5 1903.699951171875 1899 1894.0999755859375 1889 1878.0999755859375 1871 1862.300048828125 1849 1836.5999755859375 1828.199951171875 1819.300048828125 1805.5 1795.199951171875 1787.199951171875 1779 1767.5 1753.300048828125
1937 1928.0999755859375 1926.199951171875 1923 1920.5999755859375 1906.9000244140625 1895.0999755859375 1889.800048828125 1885.0999755859375 1882.199951171875 1883 1879 1869.5999755859375 1865.800048828125 1860.199951171875 1861.699951171875 1864.300048828125 1862.800048828125 1862 1862.800048828125 1864.199951171875 1865.9000244140625 1873 1880.5 1883.800048828125 1886.9000244140625 1891.199951171875 1893.5 1896.300048828125 1896.300048828125 1892.699951171875 1890.699951171875 1887.9000244140625 1884 1877.800048828125 1865.4000244140625 1857.800048828125 1847.5 1836.4000244140625 1828.4000244140625 1820 1809.699951171875 1798.0999755859375 1789.800048828125 1782.5999755859375 1772.5999755859375 1761.699951171875 1744.5
1923.0999755859375 1919 1914.5999755859375 1912.5 1907.5999755859375 1899.0999755859375 1891.800048828125 1882.4000244140625 1876.699951171875 1871.9000244140625 1873 1869.4000244140625 1864.800048828125 1857.5999755859375 1851.199951171875 1849.5 1851.199951171875 1850.699951171875 1851.5 1850.699951171875 1848.5999755859375 1852.199951171875 1857.4000244140625 1863 1865.199951171875 1869.699951171875 1872 1874.199951171875 1877 1877.4000244140625 1877.4000244140625 1877.4000244140625 1873.300048828125 1863.699951171875 1856.9000244140625 1852.800048828125 1843.800048828125 1833.5999755859375 1827.9000244140625 1820 1810 1799.5 1791.300048828125 1785.0999755859375 1775.4000244140625 1765.5 1754.300048828125 1738.9000244140625
1909.300048828125 1907.0999755859375 1905.699951171875 1899.800048828125 1896.199951171875 1890.300048828125 1884.9000244140625 1876.699951171875 1869.199951171875 1863.9000244140625 1859.5 1856.199951171875 1852.9000244140625 1849 1843.199951171875 1839.5999755859375 1839 1839 1840.4000244140625 1839.199951171875 1835.800048828125 1838.5 1842.199951171875 1848.800048828125 1850 1851.9000244140625 1853.0999755859375 1854.199951171875 1856.5 1856.5 1855.699951171875 1856 1854 1848.5 1843.4000244140625 1841.300048828125 1832.699951171875 1817.300048828125 1813.0999755859375 1809.5 1801 1792.0999755859375 1783 1777.699951171875 1767.5 1757.5 1747.5 1737.4000244140625
1898.4000244140625 1897.699951171875 1898 1895 1889.300048828125 1885 1875.5999755859375 1870.800048828125 1860.5999755859375 1857.5 1852 1847.4000244140625 1843.199951171875 1839.300048828125 1836 1832.5 1830.5 1830.5 1830.699951171875 1829.199951171875 1825.9000244140625 1828.199951171875 1829 1834.800048828125 1835.199951171875 1834.800048828125 1835.9000244140625 1836.800048828125 1837.9000244140625 1837.800048828125 1835.300048828125 1833.4000244140625 1832.699951171875 1825 1825.699951171875 1821.0999755859375 1818.800048828125 1806.5 1793.9000244140625 1792.5999755859375 1794.300048828125 1790.9000244140625 1783.0999755859375 1774.699951171875 1763.5999755859375 1755.5999755859375 1745.5999755859375 1735.0999755859375
1893.9000244140625 1891.5 1889.4000244140625 1886.300048828125 1882.5999755859375 1878.699951171875 1871.199951171875 1862.699951171875 1856.800048828125 1852.0999755859375 1847.0999755859375 1840.5 1836.800048828125 1833.9000244140625 1830.199951171875 1826.800048828125 1822.699951171875 1820.300048828125 1818.199951171875 1817.0999755859375 1815.699951171875 1814.199951171875 1815.300048828125 1820 1820.5 1820 1819.5999755859375 1819 1820.300048828125 1819.4000244140625 1818.5999755859375 1812.800048828125 1809.0999755859375 1807 1806.5999755859375 1797.5 1797 1790.5999755859375 1778.5 1776.0999755859375 1777.800048828125 1781 1781.0999755859375 1771 1759.800048828125 1751.300048828125 1741.0999755859375 1726
1894.699951171875 1887.300048828125 1882 1878.5 1876.4000244140625 1872.199951171875 1865.199951171875 1858.300048828125 1852.5999755859375 1847.300048828125 1842.699951171875 1836.800048828125 1831.4000244140625 1828.4000244140625 1825 1820.9000244140625 1817.0999755859375 1812.0999755859375 1808.699951171875 1807.4000244140625 1805.199951171875 1802.9000244140625 1801.199951171875 1803.699951171875 1804.0999755859375 1806.800048828125 1806.5 1803 1802.199951171875 1805.199951171875 1803.5 1799.4000244140625 1790.5 1789.4000244140625 1786.199951171875 1784.199951171875 1780.0999755859375 1774.0999755859375 1763 1760.5 1759.300048828125 1758.5999755859375 1760.4000244140625 1758.699951171875 1751.699951171875 1745.4000244140625 1735.800048828125 1721.9000244140625
1893.699951171875 1886.5 1880 1874.5 1869.800048828125 1865.300048828125 1859.5 1857 1850.800048828125 1843.0999755859375 1838.5999755859375 1832.300048828125 1825.199951171875 1822.0999755859375 1819.800048828125 1815.4000244140625 1810.0999755859375 1805.5999755859375 1801.199951171875 1798.699951171875 1797.800048828125 1795.800048828125 1792.699951171875 1793.199951171875 1792.699951171875 1792.699951171875 1791 1787.5 1787.5 1786 1783.5 1783.5 1777.800048828125 1771.800048828125 1769.5 1764.5999755859375 1758.4000244140625 1752.5999755859375 1742.5999755859375 1736 1734.800048828125 1733.300048828125 1732.5 1732.699951171875 1728.699951171875 1720.5999755859375 1715.9000244140625 1709.199951171875
1896.300048828125 1890.0999755859375 1884.5999755859375 1880.5 1877 1870.9000244140625 1865.199951171875 1863.5 1860.5 1857.300048828125 1850.4000244140625 1844.699951171875 1837.199951171875 1827.9000244140625 1819.800048828125 1815 1809.5 1801 1798.199951171875 1794.4000244140625 1791.300048828125 1788.199951171875 1785.0999755859375 1783.9000244140625 1783 1780.0999755859375 1776.800048828125 1774.4000244140625 1771.699951171875 1769.9000244140625 1768.199951171875 1766.4000244140625 1761.0999755859375 1757.199951171875 1752.9000244140625 1747.800048828125 1739.9000244140625 1735 1726 1719.5 1717.4000244140625 1715.300048828125 1709.5999755859375 1707.5999755859375 1705 1701.5999755859375 1699.300048828125 1693.199951171875
1901.5 1895.300048828125 1890.800048828125 1890.5 1888.199951171875 1880.9000244140625 1879.0999755859375 1879.699951171875 1881.4000244140625 1877.800048828125 1868.800048828125 1863.800048828125 1857.5 1850.4000244140625 1844 1837.4000244140625 1828.199951171875 1819.0999755859375 1811.5999755859375 1804.199951171875 1799.699951171875 1797 1790.699951171875 1783.9000244140625 1778.800048828125 1772.5999755859375 1768.4000244140625 1762.4000244140625 1759.0999755859375 1758.4000244140625 1756 1752.699951171875 1749.4000244140625 1743 1738.699951171875 1736.4000244140625 1733.0999755859375 1720.300048828125 1713.800048828125 1708.199951171875 1701 1695.199951171875 1691.0999755859375 1689.9000244140625 1687.5999755859375 1683.300048828125 1681.0999755859375 1677.800048828125
1909.9000244140625 1901.199951171875 1898.4000244140625 1898.5999755859375 1902.4000244140625 1901 1898.800048828125 1896.9000244140625 1894.5 1889.5999755859375 1885.5 1881.0999755859375 1874.5 1867.4000244140625 1861.800048828125 1856 1845.5 1835.9000244140625 1830.199951171875 1824 1817.199951171875 1810.4000244140625 1803.199951171875 1796.5 1787.5 1779.9000244140625 1775.699951171875 1766.800048828125 1757.5 1753.199951171875 1747.800048828125 1742.300048828125 1738.0999755859375 1732.0999755859375 1727.199951171875 1728.0999755859375 1726.300048828125 1720.0999755859375 1709.800048828125 1699 1687 1680.5999755859375 1675.4000244140625 1674.199951171875 1670.199951171875 1664.9000244140625 1656.699951171875 1649.4000244140625
1920.4000244140625 1918.0999755859375 1917.699951171875 1919.300048828125 1917.5999755859375 1917.0999755859375 1915.9000244140625 1911.5999755859375 1906.699951171875 1900.4000244140625 1896.5 1889.699951171875 1884.5 1879.4000244140625 1873.300048828125 1865.0999755859375 1856.5999755859375 1849.300048828125 1843.5999755859375 1838.4000244140625 1831.699951171875 1824.800048828125 1816.699951171875 1807.5999755859375 1797.9000244140625 1790.4000244140625 1784.5 1775.300048828125 1765.300048828125 1758.800048828125 1753.199951171875 1746.800048828125 1738.9000244140625 1728.199951171875 1719.199951171875 1718.5 1718.300048828125 1716.199951171875 1706.5999755859375 1694.5999755859375 1681.4000244140625 1675 1663.0999755859375 1657.800048828125 1653.699951171875 1648.4000244140625 1638.300048828125 1628.800048828125
1936.199951171875 1935.300048828125 1931.800048828125 1932 1930.9000244140625 1930 1927.199951171875 1922.9000244140625 1918.5 1910.800048828125 1905.300048828125 1898.300048828125 1892.800048828125 1889 1885.9000244140625 1879.800048828125 1871.9000244140625 1862.199951171875 1854.800048828125 1849.4000244140625 1842.199951171875 1834.5999755859375 1826.699951171875 1817.800048828125 1808.300048828125 1801.5 1795.300048828125 1787.199951171875 1779.4000244140625 1770.9000244140625 1759.199951171875 1753.199951171875 1739.800048828125 1730.300048828125 1722.9000244140625 1717.4000244140625 1708.300048828125 1701 1694.0999755859375 1693 1690.199951171875 1680.4000244140625 1670 1663.0999755859375 1657.4000244140625 1649 1642.4000244140625 1635.699951171875
1955.0999755859375 1953 1948.9000244140625 1946 1944.4000244140625 1940.5999755859375 1936.4000244140625 1930.9000244140625 1925.800048828125 1920 1914 1907 1904.300048828125 1901.9000244140625 1899.300048828125 1888.0999755859375 1882.5999755859375 1875.199951171875 1866.800048828125 1859.5 1852.300048828125 1844.5999755859375 1836.5999755859375 1827.699951171875 1819.199951171875 1813.0999755859375 1808.800048828125 1804.300048828125 1796.4000244140625 1784.800048828125 1773.4000244140625 1759.5 1747.0999755859375 1736.0999755859375 1732.199951171875 1726.199951171875 1716.300048828125 1708.0999755859375 1707.5 1703.699951171875 1693.5 1684.9000244140625 1682.5999755859375 1677.9000244140625 1674.199951171875 1660.199951171875 1654 1647.9000244140625
1969.5999755859375 1967.300048828125 1964.9000244140625 1962.9000244140625 1960.199951171875 1953.699951171875 1947.5999755859375 1939.0999755859375 1937.5999755859375 1931 1923.5999755859375 1915.5 1913.9000244140625 1908.699951171875 1899.800048828125 1894 1888.5999755859375 1884.699951171875 1879.5 1872.199951171875 1864.5999755859375 1856.800048828125 1847.199951171875 1837.9000244140625 1829.9000244140625 1825.199951171875 1821.699951171875 1817.800048828125 1806.5 1794.5 1785.5 1773.300048828125 1758.800048828125 1747.4000244140625 1744.699951171875 1737 1729.5999755859375 1724.300048828125 1714.4000244140625 1701.699951171875 1695.699951171875 1699 1698.0999755859375 1695.800048828125 1689.199951171875 1678.0999755859375 1664.0999755859375 1656.300048828125
1981.5 1981 1979.4000244140625 1977.9000244140625 1974.5999755859375 1968.4000244140625 1959.0999755859375 1955.199951171875 1955.4000244140625 1946.199951171875 1936 1926.9000244140625 1919.9000244140625 1917.199951171875 1908.5 1899.800048828125 1896.800048828125 1893.5999755859375 1888.5999755859375 1884 1876.4000244140625 1867.800048828125 1858.0999755859375 1848.5999755859375 1840.5999755859375 1836.5 1833.800048828125 1827.5999755859375 1814.300048828125 1805.699951171875 1797.4000244140625 1787.0999755859375 1779.699951171875 1773.9000244140625 1755.699951171875 1743.300048828125 1732.300048828125 1722.199951171875 1716.5999755859375 1709.300048828125 1707.800048828125 1710 1713 1713.199951171875 1707.300048828125 1697.300048828125 1681 1670.4000244140625
