DHM25_subset_stantoenien.asc
ncols        489
nrows        482
xllcorner    775665.000000000000
yllcorner    198942.000000000000
cellsize     25.000000000000
NODATA_value  -9999
[rows 231 to 251 of 482, columns 235 to 281 of 489]
1490.0999755859375 1486.5 1486 1485.300048828125 1482.800048828125 1480.0999755859375 1473 1464.5 1459.699951171875 1459.5 1460.5 1462.0999755859375 1463.9000244140625 1466.300048828125 1469.9000244140625 1472.300048828125 1474.5999755859375 1477.0999755859375 1479 1482.800048828125 1487.9000244140625 1490.9000244140625 1492.9000244140625 1494.5 1498 1503.300048828125 1510.5999755859375 1517.4000244140625 1522.0999755859375 1530.9000244140625 1540.699951171875 1548.199951171875 1553.5 1555 1559.0999755859375 1570.5999755859375 1582.9000244140625 1595.9000244140625 1607.0999755859375 1614.9000244140625 1622.9000244140625 1634.199951171875 1646.800048828125 1655.9000244140625 1665.9000244140625 1676.5999755859375 1687.0999755859375
1483.0999755859375 1475.4000244140625 1476.0999755859375 1474.0999755859375 1466.9000244140625 1463.5 1460.300048828125 1459 1458.4000244140625 1459.4000244140625 1461.300048828125 1462.699951171875 1464.300048828125 1466 1469.5 1473.0999755859375 1476.800048828125 1479.5 1482.0999755859375 1485 1488.9000244140625 1493.9000244140625 1496.199951171875 1497.5999755859375 1499.300048828125 1504.300048828125 1510.199951171875 1516.5 1523.199951171875 1530.4000244140625 1538.5999755859375 1547.5999755859375 1557 1563.699951171875 1567.5999755859375 1570.800048828125 1583.0999755859375 1593.800048828125 1601.9000244140625 1609.699951171875 1617.300048828125 1631.4000244140625 1645.4000244140625 1656.199951171875 1665.5 1672.9000244140625 1679.5999755859375
1478.5 1467.800048828125 1459.5 1459 1458 1458.199951171875 1457.5999755859375 1457.199951171875 1458.699951171875 1460.199951171875 1464.4000244140625 1467.800048828125 1467.0999755859375 1466.5 1469.0999755859375 1472.800048828125 1475.9000244140625 1479.5 1482.9000244140625 1488.199951171875 1492 1495.4000244140625 1499.199951171875 1501 1502.699951171875 1506 1509.0999755859375 1511.5 1517.800048828125 1522.9000244140625 1531.199951171875 1538.5999755859375 1547.5999755859375 1557.9000244140625 1564.5 1572.199951171875 1581.199951171875 1589.9000244140625 1597.0999755859375 1604.699951171875 1612.9000244140625 1629.5 1642.300048828125 1653.699951171875 1660.5 1663.5 1670.5999755859375
1468.5 1459.0999755859375 1456.5 1455.800048828125 1455.0999755859375 1455.5999755859375 1456.9000244140625 1458.5 1459.800048828125 1463.5999755859375 1467.800048828125 1472.0999755859375 1472.0999755859375 1471.4000244140625 1471.300048828125 1470.800048828125 1474.199951171875 1477.4000244140625 1479.9000244140625 1484.5 1489.4000244140625 1494.199951171875 1499.0999755859375 1503.699951171875 1507.4000244140625 1509.800048828125 1512.199951171875 1514.5999755859375 1518.0999755859375 1519.9000244140625 1526.5 1533 1539.5 1550.699951171875 1558.300048828125 1565.4000244140625 1576.199951171875 1585.300048828125 1592.5 1599.699951171875 1611.4000244140625 1622.699951171875 1633.300048828125 1643.4000244140625 1648.5 1653.699951171875 1664.800048828125
1459.5 1455.9000244140625 1453.4000244140625 1455.0999755859375 1457.699951171875 1459.0999755859375 1459.199951171875 1459.800048828125 1463.4000244140625 1467.300048828125 1471.300048828125 1475.4000244140625 1477.199951171875 1477.199951171875 1477.699951171875 1475.0999755859375 1473.0999755859375 1476.4000244140625 1479.4000244140625 1484 1489 1494.199951171875 1497.9000244140625 1500.5999755859375 1502.5 1505.199951171875 1513.300048828125 1516.800048828125 1522.0999755859375 1524.5 1529.5999755859375 1534.199951171875 1538.800048828125 1543.300048828125 1550.9000244140625 1558.5999755859375 1568.0999755859375 1578.0999755859375 1585.199951171875 1591.800048828125 1603.9000244140625 1613.9000244140625 1622.699951171875 1628.800048828125 1634.5 1648.5 1661.5999755859375
1454.5999755859375 1452.699951171875 1455.5999755859375 1458.5999755859375 1461.300048828125 1464 1465 1465.4000244140625 1468.9000244140625 1472.4000244140625 1476 1479.5 1482.300048828125 1482.5 1482.300048828125 1480.4000244140625 1478.199951171875 1475.9000244140625 1478.800048828125 1482.300048828125 1484.800048828125 1487.5 1490.699951171875 1494.199951171875 1496.800048828125 1499.0999755859375 1502.9000244140625 1509 1521.4000244140625 1531.5999755859375 1536 1535.699951171875 1534.800048828125 1537.699951171875 1542.699951171875 1550.9000244140625 1558.0999755859375 1567.4000244140625 1575.4000244140625 1582.9000244140625 1595.9000244140625 1605.800048828125 1611.9000244140625 1614.5999755859375 1624.699951171875 1637.9000244140625 1651.199951171875
1451.9000244140625 1455.300048828125 1458.199951171875 1461.5 1465.4000244140625 1468.699951171875 1471.199951171875 1471.9000244140625 1475.5 1479 1481.9000244140625 1484.5999755859375 1486.699951171875 1487.0999755859375 1486 1484.800048828125 1484.5999755859375 1481.0999755859375 1479.199951171875 1479.4000244140625 1479.800048828125 1481.199951171875 1483 1486 1490.5999755859375 1493.800048828125 1497.199951171875 1504.4000244140625 1521.4000244140625 1529.9000244140625 1531.5999755859375 1530.699951171875 1530.9000244140625 1533.9000244140625 1537.800048828125 1544.199951171875 1551.5999755859375 1557 1564.9000244140625 1574.5 1585.199951171875 1595.199951171875 1598.4000244140625 1602.9000244140625 1614.300048828125 1626.0999755859375 1636.4000244140625
1454.800048828125 1458.199951171875 1462 1465.5 1469.4000244140625 1472.800048828125 1476.0999755859375 1478.5 1481.5 1484.199951171875 1486.800048828125 1489.5 1491.0999755859375 1491.5 1490 1489.9000244140625 1489.699951171875 1488.0999755859375 1484.9000244140625 1483.800048828125 1483.4000244140625 1483.9000244140625 1492 1494.0999755859375 1493.5 1491.5 1496.300048828125 1503.9000244140625 1516.5999755859375 1522.699951171875 1525.9000244140625 1525.800048828125 1527.0999755859375 1530.300048828125 1535.800048828125 1540.5999755859375 1543.9000244140625 1546.0999755859375 1553.9000244140625 1563.300048828125 1573 1582 1583.800048828125 1593.4000244140625 1605.4000244140625 1616.5 1621.4000244140625
1457.699951171875 1461.4000244140625 1465.699951171875 1469.5999755859375 1473.4000244140625 1476.800048828125 1480.199951171875 1483.800048828125 1486.4000244140625 1489.0999755859375 1491.800048828125 1494.300048828125 1495.5 1495.199951171875 1495 1494.9000244140625 1494.800048828125 1494.699951171875 1492 1491.199951171875 1490.5 1489.5999755859375 1499.300048828125 1501.800048828125 1501.300048828125 1499.4000244140625 1495.800048828125 1499.9000244140625 1506.699951171875 1514.4000244140625 1518.300048828125 1520.9000244140625 1523.199951171875 1524.800048828125 1528.5999755859375 1531.4000244140625 1532.5999755859375 1535.800048828125 1541.5 1550.300048828125 1560.5999755859375 1566.4000244140625 1578.699951171875 1588 1596.0999755859375 1602.5999755859375 1607.300048828125
1460.9000244140625 1465.800048828125 1469.699951171875 1473.5999755859375 1477.4000244140625 1480.800048828125 1484.4000244140625 1488.0999755859375 1491.5999755859375 1494.0999755859375 1496.699951171875 1498.699951171875 1500 1500.300048828125 1500.0999755859375 1500 1499.9000244140625 1499.800048828125 1499.300048828125 1497.4000244140625 1495.5999755859375 1493.9000244140625 1500 1503.5 1505.9000244140625 1503.699951171875 1501.300048828125 1499.800048828125 1500.5999755859375 1505.0999755859375 1509.5999755859375 1513.9000244140625 1518 1518.4000244140625 1520.300048828125 1520.699951171875 1522.4000244140625 1526.4000244140625 1533.5 1539.199951171875 1547.9000244140625 1559.300048828125 1563.300048828125 1572 1580.300048828125 1587.9000244140625 1592.5999755859375
1465.9000244140625 1472.699951171875 1477.9000244140625 1480.199951171875 1480.800048828125 1484.9000244140625 1488.699951171875 1492.300048828125 1496.199951171875 1499.300048828125 1502.199951171875 1504.300048828125 1506.0999755859375 1506.5999755859375 1506.4000244140625 1506.300048828125 1506.0999755859375 1505.800048828125 1504.4000244140625 1502.0999755859375 1499.9000244140625 1498.699951171875 1500.699951171875 1504.199951171875 1507.5999755859375 1509.5 1507.699951171875 1507 1509.800048828125 1513.199951171875 1512.4000244140625 1511.800048828125 1513.4000244140625 1516.4000244140625 1518.5999755859375 1520.4000244140625 1525.699951171875 1530.699951171875 1534.5 1535.699951171875 1538.5 1541.4000244140625 1550.0999755859375 1557.4000244140625 1564.0999755859375 1573 1579.9000244140625
1471.5999755859375 1478.199951171875 1482.5 1485.9000244140625 1486.9000244140625 1488.699951171875 1492.5999755859375 1496.5 1500.300048828125 1505.0999755859375 1508.300048828125 1510.800048828125 1512.300048828125 1512.800048828125 1512.699951171875 1512.5 1512.199951171875 1511.199951171875 1509.5999755859375 1507.4000244140625 1506 1505.5999755859375 1505.9000244140625 1506.300048828125 1508.9000244140625 1512.199951171875 1515 1514.9000244140625 1518.300048828125 1521.4000244140625 1521.800048828125 1521 1520.9000244140625 1522.800048828125 1525.0999755859375 1526.9000244140625 1530.5 1535.800048828125 1544.5999755859375 1546.199951171875 1546 1551.0999755859375 1550.9000244140625 1550.5999755859375 1553 1561.4000244140625 1569.5999755859375
1476.5999755859375 1481 1483.9000244140625 1488.4000244140625 1492.9000244140625 1494.5999755859375 1496.9000244140625 1501.5 1504.9000244140625 1510 1514.5 1517 1518.699951171875 1519.0999755859375 1518.9000244140625 1518.699951171875 1517.5999755859375 1516.5 1514.9000244140625 1513.9000244140625 1513.800048828125 1513.300048828125 1512.4000244140625 1512.9000244140625 1513.300048828125 1514 1517.199951171875 1519.4000244140625 1522 1525 1526.5 1526.0999755859375 1526.199951171875 1529 1531.300048828125 1534.300048828125 1536 1540.300048828125 1549.5999755859375 1559.0999755859375 1562.199951171875 1563.800048828125 1561.4000244140625 1559.5 1558.800048828125 1559 1560.9000244140625
1478.199951171875 1481.9000244140625 1486.4000244140625 1490.9000244140625 1495.300048828125 1499.5 1502.5999755859375 1506.699951171875 1510 1514.9000244140625 1520 1522.300048828125 1525 1526.0999755859375 1525.9000244140625 1527.699951171875 1526.5 1524.0999755859375 1523.9000244140625 1523.5999755859375 1523.300048828125 1521.5 1519.300048828125 1519.5 1519.9000244140625 1520.800048828125 1521.800048828125 1525.9000244140625 1525.800048828125 1528.9000244140625 1531 1531.199951171875 1532 1534.800048828125 1537.5999755859375 1540.5999755859375 1542.199951171875 1543.5999755859375 1546.4000244140625 1553.9000244140625 1559.5999755859375 1568.9000244140625 1578 1578.300048828125 1577.800048828125 1576.800048828125 1569
1480.300048828125 1484 1487.699951171875 1491.5 1495.5999755859375 1499.699951171875 1505.9000244140625 1511.5999755859375 1515.199951171875 1519.800048828125 1523.9000244140625 1526.9000244140625 1531 1532.5 1532.9000244140625 1535.699951171875 1538.199951171875 1542.199951171875 1540.9000244140625 1539.4000244140625 1537.5999755859375 1535.699951171875 1534.5 1536.199951171875 1536.699951171875 1534.300048828125 1532 1533.0999755859375 1532.199951171875 1532.699951171875 1535.0999755859375 1536.4000244140625 1537.800048828125 1540.699951171875 1544 1546.800048828125 1547.5999755859375 1548.4000244140625 1550.5 1554.199951171875 1557.5 1564.0999755859375 1581.5 1592.5999755859375 1600.300048828125 1596.5 1588.199951171875
1483 1486.5999755859375 1490.300048828125 1494 1497.699951171875 1502.0999755859375 1507.0999755859375 1512.800048828125 1518.5 1524.4000244140625 1527.800048828125 1531.5 1536.9000244140625 1538.800048828125 1540 1548.5 1555.800048828125 1560 1558.800048828125 1557.4000244140625 1554.4000244140625 1551 1548.5999755859375 1549.4000244140625 1547.5 1544.800048828125 1542.0999755859375 1540.300048828125 1539.300048828125 1538.4000244140625 1539.0999755859375 1540.800048828125 1543.199951171875 1546.0999755859375 1549 1551.4000244140625 1553.199951171875 1553.9000244140625 1554.699951171875 1558.800048828125 1563 1572.699951171875 1586 1597.4000244140625 1601.9000244140625 1601.5 1601
1486.0999755859375 1489.5999755859375 1493 1496.5999755859375 1500.5 1506 1511.5 1515.0999755859375 1520.5 1528.0999755859375 1535.5999755859375 1536.800048828125 1543.0999755859375 1548.9000244140625 1553.300048828125 1565.0999755859375 1572.0999755859375 1576.300048828125 1575.800048828125 1573.5999755859375 1569.300048828125 1565.9000244140625 1562.5 1560.4000244140625 1558.800048828125 1556.5999755859375 1554.5 1552.0999755859375 1550.199951171875 1548.800048828125 1546.199951171875 1545.699951171875 1547.5 1550.4000244140625 1553.300048828125 1555.300048828125 1557.300048828125 1559.300048828125 1559.300048828125 1566.699951171875 1575.9000244140625 1581.4000244140625 1591.5 1600.5999755859375 1603.5 1603.699951171875 1603.199951171875
1488.199951171875 1493.5 1496.300048828125 1499.699951171875 1504.5999755859375 1509.800048828125 1515.300048828125 1521.4000244140625 1526.9000244140625 1534.199951171875 1542.199951171875 1548 1544.800048828125 1555.300048828125 1565.699951171875 1576.9000244140625 1585.300048828125 1589.5 1589.699951171875 1589.199951171875 1585.199951171875 1581.199951171875 1577.199951171875 1574 1571.5999755859375 1569.0999755859375 1566.9000244140625 1564.800048828125 1562.199951171875 1559.199951171875 1556.300048828125 1553.300048828125 1552.5999755859375 1554.5999755859375 1557.0999755859375 1559.0999755859375 1562.300048828125 1565.800048828125 1567.300048828125 1575.199951171875 1585 1589.199951171875 1594.5999755859375 1601.5 1604.800048828125 1605.699951171875 1605.199951171875
1493 1496.699951171875 1500.300048828125 1504.5999755859375 1509.300048828125 1514.300048828125 1519.300048828125 1527.9000244140625 1535.9000244140625 1544.199951171875 1553.199951171875 1560.5 1559 1557.9000244140625 1573.4000244140625 1585.199951171875 1593.5999755859375 1601 1601.699951171875 1601.5999755859375 1599.5 1594.5999755859375 1588.300048828125 1585.300048828125 1583.699951171875 1581.5999755859375 1579.300048828125 1577.4000244140625 1575.199951171875 1571.199951171875 1567.199951171875 1563.9000244140625 1560.5 1558.9000244140625 1562 1566.0999755859375 1570.0999755859375 1572.199951171875 1573.5999755859375 1578.4000244140625 1591.4000244140625 1596.9000244140625 1600.300048828125 1603 1606.0999755859375 1607.800048828125 1606.800048828125
1498.0999755859375 1502.699951171875 1508.4000244140625 1513.0999755859375 1517.0999755859375 1521.199951171875 1526.4000244140625 1535.0999755859375 1545.0999755859375 1555.4000244140625 1565.699951171875 1573.5999755859375 1572.5999755859375 1565.0999755859375 1574.5 1590.5999755859375 1599.699951171875 1610.4000244140625 1610.9000244140625 1610.9000244140625 1610.9000244140625 1605.9000244140625 1598.699951171875 1595.199951171875 1594.199951171875 1592.9000244140625 1594 1592.4000244140625 1590.0999755859375 1584.9000244140625 1579.5 1575.300048828125 1572 1568.300048828125 1569.0999755859375 1573.9000244140625 1577.199951171875 1578.5999755859375 1580 1580 1593.4000244140625 1601.199951171875 1602.9000244140625 1605.5 1608 1609.5999755859375 1608.5
1507.300048828125 1512.0999755859375 1517.0999755859375 1522.0999755859375 1526.5 1531.199951171875 1535.800048828125 1543 1554.4000244140625 1565.5 1576.199951171875 1586.199951171875 1585.5999755859375 1579.5999755859375 1575.9000244140625 1592.4000244140625 1609 1620 1620 1620 1620 1618.300048828125 1614.5999755859375 1609.4000244140625 1607.800048828125 1608.199951171875 1608.300048828125 1606.800048828125 1604.4000244140625 1599.699951171875 1594.0999755859375 1588.4000244140625 1584.5999755859375 1579.300048828125 1578.199951171875 1579.5 1584.300048828125 1585.800048828125 1587.199951171875 1588.300048828125 1587.5 1601.0999755859375 1605.5 1608 1610.4000244140625 1611.4000244140625 1610.300048828125
