DHM25_subset.asc
ncols        198
nrows        140
xllcorner    783054.000000000000
yllcorner    203748.000000000000
cellsize     25.000000000000
NODATA_value  -9999
[rows 21 to 41 of 140, columns 48 to 95 of 198]
2009.199951171875 2005.5999755859375 2007.699951171875 2007.699951171875 2005.199951171875 2002.800048828125 2000.0999755859375 1997 1993.5999755859375 1992.699951171875 1991.5999755859375 1987.800048828125 1985.699951171875 1988.4000244140625 1989.800048828125 1986 1981.0999755859375 1977.4000244140625 1974.9000244140625 1970.9000244140625 1968.300048828125 1964.4000244140625 1960.300048828125 1960.5 1961.800048828125 1963.0999755859375 1964.4000244140625 1963.9000244140625 1965.0999755859375 1969.199951171875 1978.199951171875 1984.5999755859375 1985.4000244140625 1985.199951171875 1985.0999755859375 1988.300048828125 1987.699951171875 1989.4000244140625 2000 2009.4000244140625 2016.5999755859375 2021.5 2034.199951171875 2049.39990234375 2076.199951171875 2088.60009765625 2093.699951171875 2103.800048828125
2011.5999755859375 2012.5 2014.300048828125 2012.5 2010.4000244140625 2007.9000244140625 2004.199951171875 1999.5 1997.800048828125 1997.699951171875 1996.5 1993.4000244140625 1992.699951171875 1995.9000244140625 1996.300048828125 1992.0999755859375 1987.5999755859375 1984.5 1981 1978.0999755859375 1975.5 1971.800048828125 1968.9000244140625 1969.5 1970.4000244140625 1971.699951171875 1972.5999755859375 1973 1975.199951171875 1980 1992.699951171875 1999.5999755859375 2001.9000244140625 1997.800048828125 1995.199951171875 2001.5999755859375 2004.699951171875 2005.0999755859375 2006.699951171875 2019.800048828125 2028 2033 2042.0999755859375 2055.800048828125 2073.199951171875 2091.199951171875 2110.89990234375 2125.89990234375
2017.0999755859375 2019.699951171875 2019.300048828125 2017.300048828125 2015.699951171875 2013.199951171875 2009.0999755859375 2004.199951171875 2004.5 2004.300048828125 2003 1999.699951171875 1999.699951171875 2002.300048828125 2002.800048828125 1999.5999755859375 1997.199951171875 1992.5 1988.0999755859375 1986.9000244140625 1983.5999755859375 1979 1977.5999755859375 1978.4000244140625 1979.300048828125 1980.300048828125 1982.0999755859375 1984.800048828125 1989.5 1996 2005.5999755859375 2015.5 2017.9000244140625 2012.5 2006.699951171875 2011.9000244140625 2021.800048828125 2025.199951171875 2016 2026.4000244140625 2036.300048828125 2046.5999755859375 2052.699951171875 2073.39990234375 2079.699951171875 2097.39990234375 2115.800048828125 2133.300048828125
2023.4000244140625 2026.0999755859375 2026.5999755859375 2024.0999755859375 2021.5 2018.5 2013.800048828125 2010.4000244140625 2009.800048828125 2012.5 2011.4000244140625 2010.0999755859375 2008 2009.800048828125 2009.0999755859375 2007.4000244140625 2004.0999755859375 1999.9000244140625 1995.699951171875 1996.300048828125 1992.5999755859375 1987 1986.0999755859375 1990.5999755859375 1992.300048828125 1997.199951171875 2000.300048828125 2002.699951171875 2005.4000244140625 2011 2018.9000244140625 2028.5 2031 2029 2019.5 2024.300048828125 2039.800048828125 2034.5 2030 2037.4000244140625 2046.5999755859375 2059.300048828125 2069.39990234375 2080 2100 2112.699951171875 2134.699951171875 2145.5
2032.4000244140625 2033.5 2035.4000244140625 2033.199951171875 2029.800048828125 2024.800048828125 2019.5 2016.699951171875 2015.5 2017.199951171875 2020.5 2019.199951171875 2018.199951171875 2017.199951171875 2016.699951171875 2015.4000244140625 2011.4000244140625 2006.9000244140625 2004.5 2004.4000244140625 2000.300048828125 1994.5999755859375 1995.0999755859375 2000.0999755859375 2004.699951171875 2007.9000244140625 2011.4000244140625 2013.5999755859375 2018 2026.199951171875 2034.5 2041 2043.9000244140625 2045.5 2039.199951171875 2040.4000244140625 2048 2044.300048828125 2043.4000244140625 2050.5 2060.300048828125 2076.800048828125 2082 2092.39990234375 2105.199951171875 2130.89990234375 2137.699951171875 2155.5
2041.699951171875 2042.0999755859375 2043.9000244140625 2041.5999755859375 2037.9000244140625 2035.800048828125 2031.5 2025.9000244140625 2022.0999755859375 2022.5999755859375 2025.4000244140625 2025.5 2024.9000244140625 2024 2023.4000244140625 2022 2018.699951171875 2015.4000244140625 2014.0999755859375 2010 2006.0999755859375 2003.5 2004.4000244140625 2010.699951171875 2015.199951171875 2017.699951171875 2022.5999755859375 2026.4000244140625 2032.800048828125 2042.0999755859375 2051.199951171875 2054.199951171875 2057 2059.39990234375 2060.60009765625 2054.60009765625 2059.10009765625 2058.5 2057.5 2060.89990234375 2077.699951171875 2096.800048828125 2096.10009765625 2104.5 2122 2143.60009765625 2153.300048828125 2168
2051.699951171875 2053.39990234375 2053.60009765625 2049.89990234375 2046.800048828125 2045.300048828125 2040.9000244140625 2034 2029.5999755859375 2028.4000244140625 2030.800048828125 2031.300048828125 2030.699951171875 2029.5 2029.300048828125 2027 2025.0999755859375 2023.9000244140625 2020.699951171875 2017 2013.4000244140625 2011.800048828125 2013.800048828125 2019.5999755859375 2025.5 2026.5 2033 2039 2046.300048828125 2056.199951171875 2065 2068.199951171875 2069.89990234375 2075.300048828125 2075.89990234375 2071.89990234375 2078 2074.300048828125 2071.10009765625 2074.10009765625 2088.699951171875 2107.199951171875 2111.199951171875 2120.39990234375 2134 2146.39990234375 2165 2176.699951171875
2060.699951171875 2063.5 2062.60009765625 2057.89990234375 2054.89990234375 2050.60009765625 2045.699951171875 2041.199951171875 2036.5999755859375 2034.300048828125 2036.199951171875 2037.0999755859375 2035.5999755859375 2035.300048828125 2034.800048828125 2032.5 2032.300048828125 2031.699951171875 2028 2024.4000244140625 2020.5999755859375 2020 2023.4000244140625 2028.300048828125 2035.699951171875 2038.4000244140625 2045 2052.699951171875 2061.60009765625 2070.60009765625 2078.300048828125 2082.10009765625 2083.39990234375 2091.10009765625 2091.89990234375 2084.5 2091.5 2086.199951171875 2083.5 2089.5 2100.699951171875 2115.699951171875 2126.60009765625 2135.300048828125 2149.5 2159.10009765625 2183.199951171875 2193.800048828125
2071.60009765625 2075 2074.5 2068.300048828125 2060.5 2055.199951171875 2050.39990234375 2046.5999755859375 2043.5 2040.5999755859375 2043 2043.4000244140625 2040.5999755859375 2041.300048828125 2040 2037.9000244140625 2039.800048828125 2039.0999755859375 2034.699951171875 2030.5 2028 2028.800048828125 2032.9000244140625 2037.5 2044.699951171875 2049.699951171875 2055.300048828125 2065.5 2073.60009765625 2083.800048828125 2093.5 2094.199951171875 2098.10009765625 2107 2103.89990234375 2097.89990234375 2100.60009765625 2094.10009765625 2098.699951171875 2103.800048828125 2110.800048828125 2123.39990234375 2133.5 2142.699951171875 2155.800048828125 2176.5 2187.300048828125 2206.60009765625
2079.10009765625 2082.199951171875 2081.5 2076.10009765625 2067.10009765625 2059.39990234375 2057 2053.800048828125 2050.60009765625 2050.300048828125 2050.10009765625 2050.10009765625 2048.10009765625 2048.10009765625 2046.199951171875 2043.5 2044.4000244140625 2043.699951171875 2039.9000244140625 2036.800048828125 2033.800048828125 2036.199951171875 2042.300048828125 2048.39990234375 2052.10009765625 2060.5 2065.5 2077.10009765625 2085.39990234375 2098.300048828125 2103.800048828125 2104.39990234375 2108.800048828125 2110.89990234375 2106.199951171875 2101.5 2104.5 2104.60009765625 2107.5 2111.800048828125 2119.199951171875 2130.800048828125 2141.300048828125 2153.5 2167.60009765625 2186.699951171875 2200.5 2214.89990234375
2083.5 2086.60009765625 2084.300048828125 2080 2072.199951171875 2066.699951171875 2064.5 2060.89990234375 2059.60009765625 2060 2057.300048828125 2056.89990234375 2055.699951171875 2054.89990234375 2052.199951171875 2049 2049.800048828125 2050.5 2047 2042.199951171875 2038.800048828125 2042.9000244140625 2051.5 2058.60009765625 2064.699951171875 2069.60009765625 2077.800048828125 2086.89990234375 2096.300048828125 2106 2111.89990234375 2115.300048828125 2112 2107.89990234375 2104.89990234375 2105.199951171875 2107.699951171875 2111.800048828125 2114.300048828125 2118.39990234375 2125.5 2138 2152.89990234375 2166.699951171875 2181.199951171875 2213.5 2219.699951171875 2231.199951171875
2091.10009765625 2090.89990234375 2086.39990234375 2081.800048828125 2077.199951171875 2075.199951171875 2072.60009765625 2073.699951171875 2074.800048828125 2073 2066.89990234375 2065.60009765625 2063.89990234375 2062 2058.10009765625 2055 2055 2056.300048828125 2054.10009765625 2051.199951171875 2047.0999755859375 2052.10009765625 2060.800048828125 2070.800048828125 2079.10009765625 2081.60009765625 2089.800048828125 2097.199951171875 2110.300048828125 2119 2121.5 2115.60009765625 2109.800048828125 2107.699951171875 2105.800048828125 2106.60009765625 2109 2116.60009765625 2119.699951171875 2125.10009765625 2132.800048828125 2146.10009765625 2161.199951171875 2174.199951171875 2192 2211 2234.60009765625 2248.5
2096.60009765625 2094.60009765625 2090 2087.699951171875 2087 2085.60009765625 2084.800048828125 2085.5 2086.199951171875 2083.5 2076.5 2074.300048828125 2073 2070 2065.800048828125 2059.699951171875 2059.89990234375 2063.60009765625 2063.89990234375 2060.10009765625 2057.89990234375 2061.5 2072.60009765625 2083.300048828125 2092.10009765625 2095.60009765625 2101.800048828125 2120 2123.10009765625 2130.60009765625 2121.39990234375 2115.699951171875 2111.5 2108.699951171875 2108.10009765625 2108.5 2110 2120.300048828125 2128.300048828125 2134 2140.699951171875 2154.300048828125 2167 2178.300048828125 2195 2214 2238.39990234375 2256.5
2100.89990234375 2098.199951171875 2097.800048828125 2098.10009765625 2098.300048828125 2098.39990234375 2096.60009765625 2094.89990234375 2094.800048828125 2089.39990234375 2085.199951171875 2083.699951171875 2082.300048828125 2079.39990234375 2076.10009765625 2075.39990234375 2074.60009765625 2076.300048828125 2075.89990234375 2073.10009765625 2071.60009765625 2075.199951171875 2086 2096.89990234375 2105.89990234375 2112.199951171875 2137.5 2143.699951171875 2141.10009765625 2132.89990234375 2124.199951171875 2117.699951171875 2113.60009765625 2109.699951171875 2110.199951171875 2113.89990234375 2115.89990234375 2124.199951171875 2132.39990234375 2140.39990234375 2150 2160 2172 2186.39990234375 2203.89990234375 2224.699951171875 2246.300048828125 2267.199951171875
2108.699951171875 2111 2112 2112.199951171875 2111 2111.10009765625 2109.39990234375 2107.800048828125 2106.10009765625 2097.5 2095.199951171875 2093.60009765625 2091.5 2089.800048828125 2090 2089.5 2089.699951171875 2090.39990234375 2089.60009765625 2088.199951171875 2086.60009765625 2089.300048828125 2101.5 2111.800048828125 2121.199951171875 2130.300048828125 2136.89990234375 2153.89990234375 2147.300048828125 2137.10009765625 2129.60009765625 2119.89990234375 2119 2118.800048828125 2120.699951171875 2123.39990234375 2125.300048828125 2129.10009765625 2136.699951171875 2145.5 2155.199951171875 2164.60009765625 2175.39990234375 2191.699951171875 2211.699951171875 2234 2247.60009765625 2266.300048828125
2120.800048828125 2124.300048828125 2127.60009765625 2127.800048828125 2126.39990234375 2124.10009765625 2122.800048828125 2121.699951171875 2120.699951171875 2115.199951171875 2108.5 2104.89990234375 2101.300048828125 2101.699951171875 2103.5 2104.5 2105.300048828125 2106 2105 2103.5 2102.800048828125 2101.89990234375 2113.300048828125 2128.800048828125 2136.800048828125 2153 2164 2161.5 2152.699951171875 2143.60009765625 2138.199951171875 2125.89990234375 2132 2134.60009765625 2135.89990234375 2137.60009765625 2137.800048828125 2139.699951171875 2144.10009765625 2152.300048828125 2159.39990234375 2169 2179.10009765625 2197.199951171875 2215.10009765625 2236.199951171875 2256.39990234375 2271.60009765625
2132.5 2136.5 2142.199951171875 2143.699951171875 2139.699951171875 2137.39990234375 2135.199951171875 2134.5 2132.60009765625 2129.39990234375 2121.800048828125 2114.5 2110.89990234375 2111.300048828125 2117.300048828125 2120.199951171875 2122 2121.5 2121 2120.89990234375 2120 2128.699951171875 2144.60009765625 2170.300048828125 2172.5 2171.60009765625 2171.199951171875 2164.39990234375 2156.89990234375 2148.60009765625 2140 2134.60009765625 2144.60009765625 2151.800048828125 2152.800048828125 2151.39990234375 2148.800048828125 2153.5 2155.89990234375 2161.5 2165.199951171875 2174 2184.60009765625 2199.60009765625 2219.5 2241 2259 2278
2145.89990234375 2153.300048828125 2159.300048828125 2158.199951171875 2153.699951171875 2149.60009765625 2146.60009765625 2146.699951171875 2144.60009765625 2140.39990234375 2133.300048828125 2125.5 2121.10009765625 2127.10009765625 2135.300048828125 2138.800048828125 2138.199951171875 2136.89990234375 2136.300048828125 2139.60009765625 2154.300048828125 2157.5 2180 2180.199951171875 2179 2174.699951171875 2171.5 2165.10009765625 2155.89990234375 2147.10009765625 2140.5 2144.39990234375 2157.199951171875 2165.5 2162.699951171875 2160.60009765625 2156.89990234375 2163.39990234375 2167.699951171875 2172.89990234375 2176.60009765625 2180.800048828125 2193.89990234375 2211.10009765625 2233 2250.10009765625 2266.10009765625 2290.39990234375
2159.699951171875 2168.10009765625 2174.699951171875 2173 2166 2159.10009765625 2157.5 2159.199951171875 2159.10009765625 2152.199951171875 2146.89990234375 2140.800048828125 2137.89990234375 2146.39990234375 2147.300048828125 2149.800048828125 2150 2153.699951171875 2154.800048828125 2159.39990234375 2177.89990234375 2181.39990234375 2180.800048828125 2180.39990234375 2178.39990234375 2172.199951171875 2167.699951171875 2161.5 2155.10009765625 2158.5 2149.39990234375 2163 2168.89990234375 2173.39990234375 2168.60009765625 2165.800048828125 2167 2174.10009765625 2178.89990234375 2184.5 2189 2194.800048828125 2213.89990234375 2226.5 2247.39990234375 2267 2274.300048828125 2295.300048828125
2172.60009765625 2181.5 2191.10009765625 2190 2179.89990234375 2172.60009765625 2173.199951171875 2176.699951171875 2171.699951171875 2165.39990234375 2161.699951171875 2159.699951171875 2165.5 2162.60009765625 2157.60009765625 2159.60009765625 2162.60009765625 2166.199951171875 2167.89990234375 2169.199951171875 2176.60009765625 2180.199951171875 2177.5 2172.5 2169.800048828125 2168.10009765625 2163.60009765625 2162.60009765625 2161.89990234375 2163.89990234375 2159.300048828125 2174.300048828125 2181.300048828125 2179.39990234375 2174.89990234375 2173.199951171875 2177.5 2183 2192 2197.60009765625 2199.89990234375 2210.5 2224.5 2243.300048828125 2261.60009765625 2275.300048828125 2289.699951171875 2314.5
2187.800048828125 2197.5 2209.199951171875 2208.39990234375 2197.39990234375 2194.800048828125 2197.60009765625 2188.10009765625 2185.199951171875 2182.300048828125 2190 2209 2216.199951171875 2196.89990234375 2179.60009765625 2180.39990234375 2180 2180 2180 2179.699951171875 2178.199951171875 2177.5 2175.39990234375 2170.39990234375 2168.199951171875 2167.10009765625 2168.89990234375 2169 2167.10009765625 2168.39990234375 2164.89990234375 2173.199951171875 2181.300048828125 2183.199951171875 2179.39990234375 2180.39990234375 2184.89990234375 2193.5 2202.5 2206.39990234375 2208.10009765625 2220.89990234375 2233.89990234375 2248.199951171875 2265.800048828125 2287.39990234375 2300.199951171875 2328
