DHM25_subset_stantoenien.asc
ncols        489
nrows        482
xllcorner    775665.000000000000
yllcorner    198942.000000000000
cellsize     25.000000000000
NODATA_value  -9999
[rows 273 to 293 of 482, columns 235 to 281 of 489]
1822.300048828125 1830.0999755859375 1844.300048828125 1857.4000244140625 1866 1873.800048828125 1878.300048828125 1882.699951171875 1887.199951171875 1888.800048828125 1890 1884.5999755859375 1876.9000244140625 1871 1867.5999755859375 1862.4000244140625 1862.699951171875 1860.0999755859375 1849.300048828125 1839.800048828125 1839 1829.300048828125 1832.9000244140625 1834.5 1856.800048828125 1864.5999755859375 1860.0999755859375 1857.5999755859375 1855.199951171875 1847.4000244140625 1838.5999755859375 1825.5999755859375 1814.5 1804.5999755859375 1791.199951171875 1804.9000244140625 1820.4000244140625 1820.199951171875 1805 1811 1815.4000244140625 1810.300048828125 1798.5999755859375 1791.699951171875 1791 1787.699951171875 1782.5999755859375
1838.4000244140625 1843.300048828125 1855.5 1866.0999755859375 1874.199951171875 1882.699951171875 1889.699951171875 1894.4000244140625 1897.5999755859375 1898.0999755859375 1898.5999755859375 1897.199951171875 1889.4000244140625 1882.699951171875 1880.300048828125 1878.300048828125 1876.4000244140625 1872 1862.699951171875 1857.9000244140625 1855 1852.0999755859375 1851.0999755859375 1846.5 1863.9000244140625 1874.199951171875 1870.0999755859375 1866.9000244140625 1864 1856.9000244140625 1848.5 1839.199951171875 1826.0999755859375 1813.4000244140625 1810.300048828125 1821.800048828125 1838.9000244140625 1838.300048828125 1826.699951171875 1826.9000244140625 1829.199951171875 1820.699951171875 1808.699951171875 1805.300048828125 1802.699951171875 1798.4000244140625 1797.300048828125
1856.699951171875 1863.9000244140625 1867.800048828125 1875.9000244140625 1884.4000244140625 1894.0999755859375 1903.4000244140625 1909.0999755859375 1911 1911.800048828125 1910.300048828125 1907.5 1902.800048828125 1896.0999755859375 1894.0999755859375 1893.199951171875 1892.4000244140625 1886.5 1877.9000244140625 1873.300048828125 1865.699951171875 1868.199951171875 1868 1859.199951171875 1870.800048828125 1883.199951171875 1880.800048828125 1876.5999755859375 1873.0999755859375 1865.5999755859375 1857.0999755859375 1848.0999755859375 1840.300048828125 1830.800048828125 1836.300048828125 1843.199951171875 1850.4000244140625 1848.4000244140625 1838.5 1840.199951171875 1842 1832.300048828125 1820.5 1821.800048828125 1819.199951171875 1811.5 1808.199951171875
1874.5999755859375 1881 1885.699951171875 1888.5 1895.5999755859375 1905.5 1916.300048828125 1924.5999755859375 1926.4000244140625 1924.300048828125 1920.699951171875 1917.699951171875 1914 1909.5999755859375 1908.300048828125 1907.5999755859375 1906.199951171875 1902.199951171875 1895.4000244140625 1886.199951171875 1874.300048828125 1886.699951171875 1885.4000244140625 1878.199951171875 1878.5 1892.0999755859375 1891.5999755859375 1887.300048828125 1882.699951171875 1874.5 1865.9000244140625 1857.9000244140625 1848.5 1851.5 1855.800048828125 1857.199951171875 1861 1857.0999755859375 1852 1852.4000244140625 1851.0999755859375 1843.699951171875 1837 1836.9000244140625 1835.0999755859375 1826.4000244140625 1818.0999755859375
1889.800048828125 1897.699951171875 1903.699951171875 1904.9000244140625 1907.800048828125 1916.4000244140625 1928.0999755859375 1939.4000244140625 1940.800048828125 1938.4000244140625 1934.300048828125 1930.699951171875 1925.699951171875 1922.5999755859375 1920.300048828125 1918.4000244140625 1916.5999755859375 1913.300048828125 1909.0999755859375 1902.4000244140625 1898.9000244140625 1904.5 1900.699951171875 1893.800048828125 1891.0999755859375 1901.4000244140625 1901.800048828125 1898.5999755859375 1892.699951171875 1884.699951171875 1876.5 1868.199951171875 1867.5999755859375 1868.4000244140625 1869 1868.699951171875 1870 1864.5999755859375 1862.5 1864.199951171875 1860.5 1854.199951171875 1849.800048828125 1847.300048828125 1846 1839.699951171875 1832.5999755859375
1899 1909.5 1915.5 1918.9000244140625 1922.699951171875 1926.800048828125 1939.5999755859375 1950.4000244140625 1953 1952.5 1948.699951171875 1943.5 1937.5999755859375 1933.699951171875 1931.5 1929.5 1926.4000244140625 1926.0999755859375 1921.9000244140625 1919.199951171875 1917.699951171875 1916.5999755859375 1912.800048828125 1908.199951171875 1903.9000244140625 1911.0999755859375 1911.5 1908.9000244140625 1901.0999755859375 1892.699951171875 1885.300048828125 1880.300048828125 1881.9000244140625 1881.5999755859375 1881.0999755859375 1880.5 1880 1875.5999755859375 1871.300048828125 1871.699951171875 1868.5 1864.199951171875 1861.4000244140625 1857.800048828125 1854 1849.5999755859375 1845.4000244140625
1915.699951171875 1926 1930.5 1934.699951171875 1938.9000244140625 1943.0999755859375 1949.800048828125 1960.5999755859375 1962.199951171875 1963 1961.800048828125 1958.199951171875 1950.800048828125 1945.300048828125 1941.300048828125 1937.300048828125 1936.5 1937 1935.699951171875 1933.0999755859375 1932.199951171875 1929.5 1924.5 1921 1917.0999755859375 1920.199951171875 1921.0999755859375 1917.699951171875 1908.4000244140625 1899.5 1895.5999755859375 1892.5 1892.9000244140625 1893.9000244140625 1894.199951171875 1892.0999755859375 1887.800048828125 1884.199951171875 1880 1878.0999755859375 1876.0999755859375 1872.4000244140625 1869.5999755859375 1866.0999755859375 1862.800048828125 1859.9000244140625 1854.0999755859375
1924 1937.9000244140625 1945.9000244140625 1952.0999755859375 1957.0999755859375 1959.5 1959.300048828125 1967 1969 1968.9000244140625 1968.5999755859375 1965.300048828125 1962 1957.5 1951.199951171875 1946.199951171875 1946.800048828125 1947.300048828125 1946.300048828125 1944.5 1943.699951171875 1940.199951171875 1935.5999755859375 1931.5 1928.300048828125 1927.699951171875 1930 1927.199951171875 1919 1910.800048828125 1907.300048828125 1905.199951171875 1904 1904.800048828125 1903.9000244140625 1899.4000244140625 1895.199951171875 1891.300048828125 1888 1888.699951171875 1885.699951171875 1880.4000244140625 1876.699951171875 1872.5 1869.5 1867.5 1863
1931.0999755859375 1947.4000244140625 1958.5999755859375 1967.800048828125 1975.5999755859375 1980.4000244140625 1979 1976.699951171875 1976 1975.5999755859375 1975.300048828125 1972.800048828125 1970.199951171875 1965.4000244140625 1958.0999755859375 1955.9000244140625 1956.9000244140625 1957.5 1955.699951171875 1954 1952.699951171875 1948.199951171875 1944.5 1941.699951171875 1939.800048828125 1939.4000244140625 1938.9000244140625 1936.800048828125 1930 1924.0999755859375 1920.0999755859375 1917.699951171875 1915.5999755859375 1914.5 1911.9000244140625 1906.699951171875 1902.300048828125 1897.5 1896.0999755859375 1896.800048828125 1897.4000244140625 1895 1887.4000244140625 1879.199951171875 1876.5 1875.300048828125 1871.199951171875
1942.199951171875 1957.199951171875 1968.699951171875 1979.0999755859375 1987 1994.199951171875 1995.5999755859375 1990.9000244140625 1985 1984.5999755859375 1983 1980.5999755859375 1978.4000244140625 1972.5 1966 1965.9000244140625 1967.9000244140625 1966.699951171875 1965.0999755859375 1963.4000244140625 1961.9000244140625 1956.0999755859375 1952 1949.5 1947.699951171875 1947.4000244140625 1946.4000244140625 1943.699951171875 1941.699951171875 1939.4000244140625 1933.699951171875 1929.4000244140625 1927.300048828125 1924.300048828125 1919.199951171875 1912.9000244140625 1909.9000244140625 1905 1906.5 1907.5999755859375 1908.4000244140625 1906.5999755859375 1901 1892.800048828125 1887 1884.4000244140625 1880.9000244140625
1948.9000244140625 1965.9000244140625 1977.9000244140625 1986.300048828125 1995.5 2004.9000244140625 2006.5999755859375 2004.4000244140625 1998.300048828125 1995.800048828125 1992.699951171875 1990.300048828125 1987.5999755859375 1980.9000244140625 1976.9000244140625 1978.4000244140625 1977.9000244140625 1976 1974.300048828125 1973.199951171875 1972.0999755859375 1965.699951171875 1959.699951171875 1957.5999755859375 1955.5999755859375 1954.300048828125 1950.800048828125 1948.5999755859375 1946.9000244140625 1945 1943.0999755859375 1941.0999755859375 1938.0999755859375 1932.4000244140625 1926.4000244140625 1920.199951171875 1918.300048828125 1917.0999755859375 1918.800048828125 1919.5999755859375 1918.199951171875 1915.0999755859375 1910.699951171875 1905.5 1899 1893.5999755859375 1891.9000244140625
1958.5999755859375 1972.5999755859375 1986.199951171875 1993.800048828125 2001 2011.0999755859375 2016.699951171875 2017.199951171875 2013.300048828125 2008.5999755859375 2004.0999755859375 2000.9000244140625 1997.5999755859375 1992.300048828125 1988.800048828125 1988.9000244140625 1986.9000244140625 1985.0999755859375 1984.5999755859375 1983.5 1982.4000244140625 1978.5999755859375 1972.5999755859375 1969.300048828125 1965.300048828125 1958.699951171875 1955.5999755859375 1953.300048828125 1952.0999755859375 1950.199951171875 1948.199951171875 1946.5 1943.199951171875 1939.800048828125 1933.5999755859375 1931.0999755859375 1928.0999755859375 1928.300048828125 1929.5 1928.199951171875 1926.699951171875 1924.0999755859375 1921.5 1916.5 1909.300048828125 1903.5 1899.5
1970.199951171875 1984.699951171875 1996.800048828125 2005.9000244140625 2013.699951171875 2022.800048828125 2029.4000244140625 2032 2029.199951171875 2025.4000244140625 2020.300048828125 2014.9000244140625 2008 2003.4000244140625 2000.5 1998.5 1995.800048828125 1995 1994.5 1994.300048828125 1995.199951171875 1992.5 1987.199951171875 1981.5 1977 1970.300048828125 1961.199951171875 1958.4000244140625 1957.199951171875 1955.4000244140625 1953.800048828125 1950.800048828125 1947.5999755859375 1944.199951171875 1942.300048828125 1940.5999755859375 1937.5 1939.199951171875 1938 1936.4000244140625 1933.9000244140625 1931.4000244140625 1927.699951171875 1923.0999755859375 1915.4000244140625 1912.4000244140625 1906.5999755859375
1974.5999755859375 1988.699951171875 2004.9000244140625 2016.4000244140625 2026.699951171875 2036.0999755859375 2041.9000244140625 2047.300048828125 2044.699951171875 2039.9000244140625 2034.800048828125 2026.5 2018.300048828125 2013.9000244140625 2011.4000244140625 2009.4000244140625 2006.4000244140625 2004.9000244140625 2005.800048828125 2007.0999755859375 2008 2006.199951171875 2002.699951171875 1998.699951171875 1993 1986.5 1976.5999755859375 1969.800048828125 1965 1961.5999755859375 1958.199951171875 1955.300048828125 1952.300048828125 1950.0999755859375 1948.300048828125 1946.9000244140625 1948.199951171875 1950.699951171875 1950.800048828125 1946.9000244140625 1942.300048828125 1937.5 1932.699951171875 1926.699951171875 1921.9000244140625 1920.300048828125 1914.800048828125
1975.5 1989.300048828125 2003.800048828125 2018.199951171875 2033.4000244140625 2049.800048828125 2057.699951171875 2060.89990234375 2058.5 2052.199951171875 2046 2039.4000244140625 2031.5999755859375 2026.0999755859375 2022.800048828125 2020.5999755859375 2018.5 2018.0999755859375 2019.5999755859375 2021.699951171875 2021.0999755859375 2019.5999755859375 2018 2016.300048828125 2010.699951171875 2003.300048828125 1993 1982.300048828125 1974.4000244140625 1970 1964.9000244140625 1960.800048828125 1958.4000244140625 1956.199951171875 1954.0999755859375 1954.0999755859375 1957.699951171875 1960.800048828125 1961.5 1959.300048828125 1952.5999755859375 1943.5 1935.9000244140625 1929.800048828125 1928.0999755859375 1926.4000244140625 1922.199951171875
1976.0999755859375 1989.800048828125 2004.199951171875 2018.199951171875 2033.4000244140625 2047.199951171875 2057.89990234375 2067.60009765625 2068.699951171875 2062.39990234375 2056.699951171875 2051.60009765625 2047 2040.699951171875 2036.0999755859375 2033.199951171875 2032.4000244140625 2032.800048828125 2035.699951171875 2037.699951171875 2036.199951171875 2032.9000244140625 2030.300048828125 2026.300048828125 2023 2015.800048828125 2003.9000244140625 1993.4000244140625 1984.5 1978.199951171875 1974.199951171875 1969.0999755859375 1966 1963 1960 1959.699951171875 1961.800048828125 1964.199951171875 1965.699951171875 1963.4000244140625 1958.5 1946.699951171875 1938 1935 1934.300048828125 1932.4000244140625 1929.0999755859375
1978.0999755859375 1992 2004.300048828125 2018 2033 2045.300048828125 2056.5 2068.89990234375 2076 2073.39990234375 2071.199951171875 2066.699951171875 2062.5 2058 2052.800048828125 2049 2047.5999755859375 2048.5 2051.60009765625 2051.699951171875 2049.199951171875 2042.199951171875 2036.5999755859375 2033.4000244140625 2028.300048828125 2020.0999755859375 2008.300048828125 2002.300048828125 1995.699951171875 1988.699951171875 1982.699951171875 1978.0999755859375 1974.199951171875 1971.5 1969 1968.300048828125 1968.199951171875 1969.699951171875 1970.4000244140625 1964.699951171875 1957.9000244140625 1948.800048828125 1942.300048828125 1939.5 1939.800048828125 1938.800048828125 1934.9000244140625
1984.199951171875 1995.199951171875 2006.300048828125 2017.5999755859375 2031.699951171875 2044.5 2057 2071.10009765625 2083 2088.199951171875 2088.60009765625 2082.39990234375 2076.89990234375 2072.39990234375 2068.199951171875 2065.39990234375 2063.300048828125 2063.699951171875 2065.800048828125 2065.199951171875 2062.5 2060 2050 2039.4000244140625 2034.9000244140625 2021.5999755859375 2014.5 2008.300048828125 2002.699951171875 1996.300048828125 1990.5 1986.199951171875 1983.0999755859375 1980.5 1977.9000244140625 1977 1976 1976.699951171875 1974.5999755859375 1968 1961.5999755859375 1954.9000244140625 1948.5 1944.5999755859375 1941.699951171875 1940.5999755859375 1938.5
1983.800048828125 1994.5999755859375 2006.5 2017.4000244140625 2031.0999755859375 2044.699951171875 2057.5 2072.10009765625 2087.39990234375 2101 2108 2103.60009765625 2096.199951171875 2089.300048828125 2083 2078.199951171875 2079.89990234375 2079.5 2079 2076.39990234375 2073.39990234375 2069.10009765625 2062.199951171875 2051.5 2040.699951171875 2030.4000244140625 2020.0999755859375 2014.699951171875 2009 2003.300048828125 1998.5999755859375 1995.4000244140625 1992.699951171875 1990 1987.300048828125 1985.9000244140625 1984.699951171875 1981.9000244140625 1978.5 1972.699951171875 1966.800048828125 1960.9000244140625 1954.5999755859375 1949.5999755859375 1946.699951171875 1943.5999755859375 1940.0999755859375
1978.199951171875 1989.5 2004.4000244140625 2016.0999755859375 2029.4000244140625 2044.300048828125 2057.5 2072.699951171875 2089.10009765625 2107.199951171875 2120.39990234375 2123.300048828125 2115.39990234375 2107.800048828125 2102.300048828125 2097.699951171875 2099.39990234375 2096.60009765625 2091.800048828125 2090.39990234375 2085.800048828125 2077.60009765625 2071.300048828125 2059.300048828125 2049.300048828125 2039.4000244140625 2030.5 2021.5999755859375 2015.699951171875 2010.4000244140625 2008 2007 2003.0999755859375 1999.5 1996.800048828125 1995 1991.4000244140625 1988.5 1983.4000244140625 1977.9000244140625 1972 1966 1959.699951171875 1954.5999755859375 1951 1946.199951171875 1940.199951171875
1971.199951171875 1986.199951171875 2001.5999755859375 2012.199951171875 2028.800048828125 2044 2058 2073.39990234375 2089.60009765625 2108.39990234375 2129 2141.800048828125 2134.699951171875 2126.60009765625 2123.89990234375 2116.5 2113.699951171875 2108.800048828125 2104.199951171875 2103.10009765625 2100.5 2090.89990234375 2081.199951171875 2072.699951171875 2058.5 2047.5999755859375 2037.0999755859375 2029.699951171875 2023.5999755859375 2018.699951171875 2018.699951171875 2018.699951171875 2016.4000244140625 2011.800048828125 2007 2002.0999755859375 1998 1993.4000244140625 1987.699951171875 1981.699951171875 1975.300048828125 1968.699951171875 1962.300048828125 1958.4000244140625 1954.9000244140625 1950.0999755859375 1943.9000244140625
