DHM25_subset.asc
ncols        198
nrows        140
xllcorner    783054.000000000000
yllcorner    203748.000000000000
cellsize     25.000000000000
NODATA_value  -9999
[rows 42 to 62 of 140, columns 0 to 47 of 198]
1688.300048828125 1701.199951171875 1714.5 1728.9000244140625 1741.199951171875 1757 1770.699951171875 1786.4000244140625 1806.800048828125 1828.199951171875 1828.9000244140625 1827.800048828125 1840.5999755859375 1860 1877.4000244140625 1896.9000244140625 1906.800048828125 1911.9000244140625 1918.300048828125 1929.9000244140625 1942 1950.4000244140625 1960.5 1964.199951171875 1964.199951171875 1974.4000244140625 1987.4000244140625 1996.5 1995.5999755859375 1997.9000244140625 2002.5999755859375 2007.9000244140625 2015.4000244140625 2023.800048828125 2028.300048828125 2036.0999755859375 2048.10009765625 2061.60009765625 2077.5 2090.39990234375 2101.60009765625 2110.39990234375 2119.10009765625 2131.800048828125 2144.800048828125 2154.89990234375 2165.39990234375 2177.10009765625
1694.800048828125 1709.4000244140625 1723.5 1738.5 1751.5999755859375 1765.9000244140625 1782 1800.9000244140625 1810.5999755859375 1832.9000244140625 1845.5 1848.300048828125 1851.9000244140625 1873.300048828125 1887.4000244140625 1898.5 1909.5999755859375 1918.699951171875 1919.699951171875 1937.4000244140625 1948.300048828125 1958 1965.300048828125 1969.800048828125 1971.5999755859375 1975.4000244140625 1987.4000244140625 2002.800048828125 2001.4000244140625 2002.5999755859375 2007.0999755859375 2013.0999755859375 2018.4000244140625 2026.300048828125 2034.5999755859375 2038.4000244140625 2050.89990234375 2064.5 2078 2089.800048828125 2102.39990234375 2112.89990234375 2124.89990234375 2136.699951171875 2145.39990234375 2152.89990234375 2161.10009765625 2177.10009765625
1702.0999755859375 1716.800048828125 1732.5999755859375 1746.800048828125 1760.300048828125 1777.199951171875 1793.5 1810.0999755859375 1824.699951171875 1838.0999755859375 1858.5999755859375 1868.699951171875 1872.9000244140625 1881 1895.699951171875 1907.800048828125 1915.800048828125 1925.199951171875 1932.5999755859375 1941.5 1952.5 1963.0999755859375 1971.0999755859375 1976.5 1978.199951171875 1978.4000244140625 1998.300048828125 2008.800048828125 2011.5999755859375 2010.0999755859375 2010.5 2016.9000244140625 2023.300048828125 2031.699951171875 2040.0999755859375 2045.5999755859375 2052.5 2060.39990234375 2074.5 2090 2102.5 2114.5 2126.89990234375 2139.39990234375 2149 2155.199951171875 2163.89990234375 2176.800048828125
1713.0999755859375 1725.199951171875 1740.4000244140625 1755.300048828125 1770.0999755859375 1788.9000244140625 1808 1818 1835 1850 1865 1880.5 1890 1894.0999755859375 1906.5999755859375 1924.800048828125 1926.5999755859375 1936.0999755859375 1941.800048828125 1947.5999755859375 1957.4000244140625 1966.800048828125 1975.5 1982.0999755859375 1986.0999755859375 1986.300048828125 2003.9000244140625 2015.199951171875 2020 2019.4000244140625 2013.699951171875 2021.4000244140625 2028.300048828125 2034.5 2041.300048828125 2051.199951171875 2059.199951171875 2065 2079.10009765625 2089.699951171875 2103.5 2114.5 2127.300048828125 2140.5 2151.199951171875 2160.800048828125 2170.10009765625 2182.800048828125
1723.4000244140625 1733.800048828125 1748.5999755859375 1765.9000244140625 1779 1798.5999755859375 1816 1832.9000244140625 1845.9000244140625 1859.199951171875 1871.699951171875 1885.0999755859375 1898.0999755859375 1912.9000244140625 1921.5999755859375 1932 1941.300048828125 1946.4000244140625 1955.300048828125 1958.5999755859375 1961.699951171875 1970.300048828125 1978.800048828125 1983.9000244140625 1989.4000244140625 1996.199951171875 2008.800048828125 2022.300048828125 2031.0999755859375 2025.4000244140625 2018.699951171875 2023.9000244140625 2030.300048828125 2038 2046.699951171875 2054.199951171875 2062 2073 2084.10009765625 2096 2105 2114.5 2127.39990234375 2142.39990234375 2155.300048828125 2166.300048828125 2176.5 2188.199951171875
1734.300048828125 1745.300048828125 1755.9000244140625 1777.0999755859375 1799.5999755859375 1808.0999755859375 1827.199951171875 1841.5 1852.800048828125 1863.300048828125 1878.5999755859375 1891.699951171875 1907 1923.800048828125 1938.4000244140625 1939.699951171875 1947.9000244140625 1955.0999755859375 1964.5999755859375 1969.699951171875 1973.0999755859375 1974.4000244140625 1982.199951171875 1987.300048828125 1992.699951171875 1999.199951171875 2011.5 2023.199951171875 2030.699951171875 2028.4000244140625 2024.4000244140625 2027.300048828125 2032.199951171875 2038 2047.4000244140625 2058 2071.5 2081.60009765625 2087.199951171875 2095.39990234375 2107 2117.199951171875 2132.39990234375 2146 2159.699951171875 2171.10009765625 2182.699951171875 2195.89990234375
1745.5999755859375 1755.199951171875 1766.199951171875 1784.5999755859375 1811.800048828125 1825.300048828125 1838.699951171875 1860 1866 1875.0999755859375 1887.699951171875 1900.800048828125 1917.800048828125 1934 1951.5999755859375 1954.300048828125 1956.699951171875 1962.5 1971.5999755859375 1982.199951171875 1989.5 1990.5 1989.800048828125 1994.0999755859375 1997.199951171875 2003.300048828125 2015.4000244140625 2022.699951171875 2028.5999755859375 2031.699951171875 2030.800048828125 2032.699951171875 2036.5 2039.0999755859375 2051.800048828125 2067.699951171875 2081.5 2093.300048828125 2099.699951171875 2109.39990234375 2116.800048828125 2122 2133.60009765625 2147.300048828125 2161.800048828125 2174.699951171875 2191.300048828125 2206
1749.4000244140625 1760 1775.199951171875 1791.5999755859375 1809.4000244140625 1834.0999755859375 1852.0999755859375 1859.699951171875 1881.4000244140625 1892.4000244140625 1901.199951171875 1912.4000244140625 1928.5999755859375 1950.800048828125 1960.800048828125 1962.800048828125 1963.5 1970.199951171875 1977.699951171875 1991.5999755859375 2004.5999755859375 2009.300048828125 2009.300048828125 2008.4000244140625 2005.4000244140625 2008 2017.199951171875 2021.699951171875 2026.199951171875 2034 2036.4000244140625 2038.5999755859375 2042.5999755859375 2050.800048828125 2061.10009765625 2077.89990234375 2097.5 2106.5 2113.199951171875 2121.10009765625 2129.5 2131.89990234375 2138.699951171875 2149.89990234375 2162.5 2175.800048828125 2191.60009765625 2209.39990234375
1755 1764 1780.0999755859375 1800.5999755859375 1822.4000244140625 1839.4000244140625 1861.5999755859375 1881.0999755859375 1888.5 1903.5 1911 1920.4000244140625 1932.9000244140625 1955.699951171875 1967.0999755859375 1968 1969 1974.800048828125 1985.5 1997.300048828125 2009 2021.5999755859375 2025.4000244140625 2025.0999755859375 2021.199951171875 2023.199951171875 2025.300048828125 2027.0999755859375 2030.800048828125 2037.5999755859375 2039.9000244140625 2048.800048828125 2056.199951171875 2063.199951171875 2071.800048828125 2082.60009765625 2100.10009765625 2112.199951171875 2121.300048828125 2128.300048828125 2135.10009765625 2142.699951171875 2144.39990234375 2152.800048828125 2163.699951171875 2176.39990234375 2190 2207.5
1759.800048828125 1770.699951171875 1786 1805.800048828125 1828.300048828125 1846.5 1869 1889.800048828125 1902.699951171875 1911.4000244140625 1919.800048828125 1931.0999755859375 1943.4000244140625 1964 1971.199951171875 1975.199951171875 1975.5 1979.9000244140625 1991.9000244140625 2003.199951171875 2013.800048828125 2022.199951171875 2030.300048828125 2040.9000244140625 2038 2039.0999755859375 2040.199951171875 2041.4000244140625 2042.5999755859375 2044.800048828125 2051.300048828125 2060.5 2067.699951171875 2073.89990234375 2084.800048828125 2096.39990234375 2105.89990234375 2118.39990234375 2126.89990234375 2134.39990234375 2141.800048828125 2147.89990234375 2153.39990234375 2158.60009765625 2167.5 2178.199951171875 2190.5 2206.39990234375
1768 1781.0999755859375 1789.300048828125 1806.9000244140625 1830 1852.300048828125 1876 1898.9000244140625 1914.199951171875 1923.0999755859375 1930.5 1937.800048828125 1956.0999755859375 1967.699951171875 1977.4000244140625 1982.0999755859375 1980.699951171875 1986.0999755859375 1996.9000244140625 2005.4000244140625 2013.199951171875 2021.5999755859375 2030.300048828125 2038 2050.800048828125 2053.10009765625 2057.60009765625 2059 2060.60009765625 2062.300048828125 2066.800048828125 2072.199951171875 2078.10009765625 2085.699951171875 2095.5 2110 2116.39990234375 2123.5 2131.39990234375 2139 2146.5 2153.5 2158.800048828125 2164.89990234375 2171.89990234375 2181.60009765625 2192.10009765625 2204.39990234375
1755.800048828125 1777.5 1793.0999755859375 1809.4000244140625 1827.0999755859375 1847.9000244140625 1869.9000244140625 1896.300048828125 1913.9000244140625 1931.199951171875 1942.4000244140625 1951.0999755859375 1963.800048828125 1972 1980.4000244140625 1984.5999755859375 1988.699951171875 1990.5 2000 2008 2015.5999755859375 2023.5999755859375 2032.199951171875 2039.9000244140625 2053.89990234375 2063.699951171875 2070.699951171875 2075.10009765625 2080 2083.39990234375 2084.699951171875 2088.699951171875 2094.300048828125 2099.699951171875 2110.699951171875 2124.300048828125 2129.10009765625 2130.10009765625 2135.300048828125 2143.5 2151.10009765625 2158.699951171875 2165.89990234375 2172.60009765625 2179.300048828125 2186.800048828125 2194.39990234375 2207
1772.5 1782.9000244140625 1794.5999755859375 1806.699951171875 1825 1846.5999755859375 1871.699951171875 1894.199951171875 1916.300048828125 1943.199951171875 1951.5999755859375 1959.5 1966.5 1973.5 1980.9000244140625 1985.0999755859375 1989.5 1994.5999755859375 1999.699951171875 2007 2015.800048828125 2025 2034.199951171875 2044.4000244140625 2056.10009765625 2065.699951171875 2073.10009765625 2081.89990234375 2091.800048828125 2100.800048828125 2104.5 2106.199951171875 2116 2121.10009765625 2127 2139.300048828125 2139.300048828125 2138.800048828125 2139.5 2147.10009765625 2157.10009765625 2164.39990234375 2171.800048828125 2179.300048828125 2188.89990234375 2196.39990234375 2202.800048828125 2214.60009765625
1802.699951171875 1807.300048828125 1808.9000244140625 1819.5 1832.699951171875 1845.699951171875 1863.5 1884.4000244140625 1902.699951171875 1925.300048828125 1944 1960 1966.5999755859375 1973.800048828125 1979.300048828125 1984.300048828125 1989.5 1995.4000244140625 2000.199951171875 2007.5 2016.300048828125 2025.5 2035 2044.699951171875 2055.5 2065.39990234375 2074.10009765625 2083 2092.699951171875 2102.5 2112.800048828125 2121.10009765625 2127.300048828125 2136.39990234375 2142.10009765625 2148.800048828125 2150 2149.300048828125 2150.300048828125 2152.60009765625 2161.89990234375 2171 2177.60009765625 2186.60009765625 2196.10009765625 2206.39990234375 2213.699951171875 2233.699951171875
1820.5 1834.800048828125 1834.5 1836.699951171875 1850.800048828125 1860.5999755859375 1882.699951171875 1901.4000244140625 1918.5999755859375 1935.199951171875 1948.4000244140625 1960.5999755859375 1967.699951171875 1974.800048828125 1981.5999755859375 1987.800048828125 1994 1999.5 2004.9000244140625 2011.5999755859375 2019 2028.0999755859375 2037.300048828125 2046.5999755859375 2055.60009765625 2065.5 2076.199951171875 2085.699951171875 2094.300048828125 2103.300048828125 2113.800048828125 2123.60009765625 2132.5 2141.699951171875 2150.800048828125 2157.699951171875 2161.199951171875 2161 2161.300048828125 2163.39990234375 2170 2181.39990234375 2185 2194 2204.10009765625 2213.60009765625 2223.39990234375 2247
1804.300048828125 1829.300048828125 1852.9000244140625 1861.5 1864 1879.5999755859375 1893.5 1918.5999755859375 1926.300048828125 1943.5 1953.5 1962.9000244140625 1970 1977.0999755859375 1984.800048828125 1991.199951171875 1997.5 2004.0999755859375 2010.4000244140625 2016.5999755859375 2023.800048828125 2032 2041.4000244140625 2051.5 2060.800048828125 2070.699951171875 2080.800048828125 2089.5 2098 2109.199951171875 2119 2126.300048828125 2134.89990234375 2145.199951171875 2155.300048828125 2166.10009765625 2173.300048828125 2177 2177 2179.5 2185 2192.89990234375 2193.89990234375 2201.5 2212.199951171875 2222.89990234375 2235.60009765625 2252.10009765625
1803.699951171875 1814.5 1842.4000244140625 1862.800048828125 1877.800048828125 1895.199951171875 1912.800048828125 1925.300048828125 1938.300048828125 1946.699951171875 1955.199951171875 1963.5 1970.300048828125 1977.300048828125 1985.0999755859375 1993.300048828125 2000.5999755859375 2007 2013.699951171875 2020.9000244140625 2029.5 2037.300048828125 2046.0999755859375 2056.5 2067.89990234375 2076.39990234375 2085.699951171875 2094.5 2103.39990234375 2113.60009765625 2122.89990234375 2129.199951171875 2137.199951171875 2148.39990234375 2160 2172.60009765625 2183.699951171875 2193 2191.800048828125 2191.800048828125 2198.60009765625 2202 2202.5 2207.60009765625 2216.5 2228.800048828125 2244.39990234375 2258.699951171875
1844.300048828125 1845 1852.4000244140625 1860.699951171875 1879.4000244140625 1896.5 1913.4000244140625 1927.5999755859375 1941.4000244140625 1949.199951171875 1956.699951171875 1964.4000244140625 1970.9000244140625 1977.5999755859375 1985.4000244140625 1993.699951171875 2001.699951171875 2008.5999755859375 2015 2024.300048828125 2036.4000244140625 2043.9000244140625 2052 2062.300048828125 2076 2083.5 2091.300048828125 2099.5 2108.199951171875 2116.89990234375 2124.699951171875 2132.10009765625 2139.60009765625 2151.199951171875 2163.60009765625 2177.199951171875 2184.300048828125 2185.800048828125 2187.800048828125 2192.199951171875 2196.300048828125 2203.699951171875 2210.39990234375 2215.199951171875 2221.89990234375 2235.5 2251.199951171875 2271.800048828125
1858.4000244140625 1886.300048828125 1888.300048828125 1885.300048828125 1880.5 1892.9000244140625 1908.9000244140625 1925.699951171875 1941 1947.0999755859375 1956.5 1965.4000244140625 1972.4000244140625 1978.5999755859375 1986.199951171875 1994.5 2002.4000244140625 2009.199951171875 2016.699951171875 2028.800048828125 2042.699951171875 2050.199951171875 2057.89990234375 2067.800048828125 2079.199951171875 2086.300048828125 2092.89990234375 2099.5 2107.699951171875 2115.699951171875 2123.699951171875 2132 2140.800048828125 2151.60009765625 2160.199951171875 2169 2173.5 2176.699951171875 2177.300048828125 2179.5 2184.300048828125 2200.10009765625 2208.89990234375 2218.60009765625 2230 2245.199951171875 2268.199951171875 2291
1858.5 1901.800048828125 1904.5999755859375 1902.199951171875 1897.4000244140625 1904.4000244140625 1916.199951171875 1923.9000244140625 1936.5999755859375 1947 1956.5 1965.4000244140625 1974.0999755859375 1980.5 1988.199951171875 1996.199951171875 2004.9000244140625 2012.9000244140625 2020.9000244140625 2036 2046 2054.10009765625 2062.39990234375 2071 2078.89990234375 2085.800048828125 2092.5 2099.10009765625 2110.60009765625 2118.800048828125 2127.199951171875 2133.199951171875 2142.300048828125 2150.199951171875 2156.60009765625 2158.39990234375 2160.300048828125 2164.800048828125 2167.39990234375 2171.199951171875 2178.199951171875 2192.199951171875 2204.300048828125 2215.800048828125 2231.5 2246.60009765625 2264.60009765625 2289.39990234375
1865 1900 1915.4000244140625 1916.300048828125 1912.0999755859375 1916 1925.5999755859375 1934 1939.699951171875 1947 1956.5 1965.4000244140625 1974.0999755859375 1982.5999755859375 1990.4000244140625 1998.199951171875 2007 2015.9000244140625 2025.699951171875 2037.300048828125 2047.699951171875 2057 2065.5 2071.10009765625 2076.5 2082.699951171875 2090.199951171875 2100.10009765625 2113 2123.60009765625 2132.39990234375 2140.60009765625 2144.39990234375 2146 2148.89990234375 2149.60009765625 2152.60009765625 2155.199951171875 2158.39990234375 2165.300048828125 2175.5 2187.800048828125 2202.60009765625 2215.300048828125 2230.800048828125 2243.800048828125 2259.300048828125 2276.300048828125
