DHM25_subset_stantoenien.asc
ncols        489
nrows        482
xllcorner    775665.000000000000
yllcorner    198942.000000000000
cellsize     25.000000000000
NODATA_value  -9999
[rows 315 to 335 of 482, columns 282 to 328 of 489]
2089.39990234375 2082.300048828125 2074.5 2076.10009765625 2074.5 2069.699951171875 2069.300048828125 2068.199951171875 2068.300048828125 2075.60009765625 2086.800048828125 2093.10009765625 2096.800048828125 2097.60009765625 2098.60009765625 2096.199951171875 2094.89990234375 2095.89990234375 2093.5 2088.60009765625 2083.39990234375 2082.10009765625 2080.60009765625 2079 2075.39990234375 2071.5 2067.300048828125 2062.199951171875 2056.5 2050.800048828125 2046.199951171875 2042.4000244140625 2038.4000244140625 2030.699951171875 2021.800048828125 2011.5999755859375 2003.800048828125 1998.300048828125 1990.9000244140625 1980.300048828125 1962.5 1962.300048828125 1962.5 1950.9000244140625 1936.699951171875 1920.9000244140625 1917.300048828125
2097 2087 2087 2090 2079.60009765625 2077.10009765625 2078.699951171875 2078.699951171875 2081.300048828125 2082.800048828125 2082.699951171875 2093.300048828125 2099 2103.39990234375 2099.800048828125 2096.5 2096.800048828125 2095.300048828125 2089.89990234375 2088.300048828125 2087 2088.60009765625 2086.5 2083.39990234375 2079.39990234375 2074 2068.300048828125 2063.199951171875 2059.800048828125 2053.39990234375 2049 2045.9000244140625 2042.5999755859375 2038.4000244140625 2029.699951171875 2019.0999755859375 2009.9000244140625 2004.300048828125 1999.5 1985.9000244140625 1978.199951171875 1981.300048828125 1974.300048828125 1963.699951171875 1950.5 1939.4000244140625 1930.699951171875
2110.10009765625 2104.39990234375 2104.699951171875 2102.89990234375 2090.60009765625 2086.5 2090.5 2093.39990234375 2095.300048828125 2095.300048828125 2092.300048828125 2097.199951171875 2103.5 2105.300048828125 2099.199951171875 2098 2099.699951171875 2098.10009765625 2100.800048828125 2093.39990234375 2091.89990234375 2093.60009765625 2089.199951171875 2085.10009765625 2081.10009765625 2076.39990234375 2072.10009765625 2066.5 2059.199951171875 2055.60009765625 2051.89990234375 2048.10009765625 2044.800048828125 2041.800048828125 2035.0999755859375 2022.800048828125 2015 2008 2003.0999755859375 1996.5 1999.5999755859375 1997.0999755859375 1987.199951171875 1977.199951171875 1963.4000244140625 1956.5 1943.199951171875
2124.10009765625 2121.5 2117.89990234375 2108.5 2100 2096.199951171875 2101.60009765625 2106.89990234375 2109.60009765625 2108.89990234375 2102.39990234375 2105.5 2112.89990234375 2107.10009765625 2101.5 2099.699951171875 2104.199951171875 2101.39990234375 2099.89990234375 2099.199951171875 2099.800048828125 2099 2095.699951171875 2092.300048828125 2086.89990234375 2080.300048828125 2074 2069.199951171875 2062.300048828125 2058.699951171875 2053.60009765625 2050.10009765625 2047 2044.199951171875 2039.5999755859375 2028 2016.800048828125 2008.800048828125 2004.199951171875 2006.800048828125 2008.4000244140625 2008.199951171875 1999.9000244140625 1988 1981.5 1969.0999755859375 1955.699951171875
2135 2132.800048828125 2125.60009765625 2122.5 2111.10009765625 2107.89990234375 2114.800048828125 2119.300048828125 2123 2123.800048828125 2115.5 2116.300048828125 2115.800048828125 2110.199951171875 2107.199951171875 2106.199951171875 2110.10009765625 2105.60009765625 2109.5 2112.10009765625 2112.39990234375 2113 2108.10009765625 2103.300048828125 2097.699951171875 2090.199951171875 2080.89990234375 2074.699951171875 2067.10009765625 2059.60009765625 2055.5 2052.89990234375 2049.39990234375 2045 2040.5999755859375 2029.5 2017.9000244140625 2009.699951171875 2010.199951171875 2011.699951171875 2012.0999755859375 2011 2007.0999755859375 2000.5999755859375 1994.5 1982.300048828125 1968.800048828125
2142.39990234375 2143 2136.199951171875 2133.60009765625 2123.800048828125 2121.800048828125 2127.60009765625 2134.5 2136.5 2133.5 2128.199951171875 2124.800048828125 2118.800048828125 2115 2113 2114 2114.5 2111.800048828125 2117.89990234375 2125 2126 2127.5 2124.5 2121.60009765625 2120.300048828125 2107.300048828125 2094.5 2081.800048828125 2073.10009765625 2062.199951171875 2058.89990234375 2054.699951171875 2050.60009765625 2046.5 2042.199951171875 2031.199951171875 2018.9000244140625 2013.5999755859375 2013.5999755859375 2015 2014.0999755859375 2012.9000244140625 2011.0999755859375 2007.9000244140625 2001.5999755859375 1991.199951171875 1979.9000244140625
2147.60009765625 2151.300048828125 2149.10009765625 2149.39990234375 2139.800048828125 2138.89990234375 2141.800048828125 2147.39990234375 2147.39990234375 2143.89990234375 2142.89990234375 2135.199951171875 2126.199951171875 2121.39990234375 2118.199951171875 2120.5 2119 2118.89990234375 2128.10009765625 2142.60009765625 2142.199951171875 2143.699951171875 2140.5 2146.39990234375 2149.39990234375 2118.800048828125 2108.39990234375 2096.800048828125 2081.699951171875 2071.300048828125 2063.5 2057.39990234375 2053.39990234375 2050 2044.0999755859375 2037 2025.800048828125 2017.699951171875 2017.9000244140625 2016.699951171875 2015.699951171875 2014.800048828125 2016 2014.4000244140625 2006.4000244140625 1997.199951171875 1984.699951171875
2149.39990234375 2152.60009765625 2156.5 2159.39990234375 2161.60009765625 2158.39990234375 2157.39990234375 2158.10009765625 2155.699951171875 2152.39990234375 2157.39990234375 2149.199951171875 2136.60009765625 2130.10009765625 2126.800048828125 2126.699951171875 2124.10009765625 2130.5 2142.10009765625 2158 2160.300048828125 2161.5 2164.10009765625 2172.699951171875 2185 2175.39990234375 2132.89990234375 2118.699951171875 2095.60009765625 2079.699951171875 2070.10009765625 2060.60009765625 2057.699951171875 2052.39990234375 2047.5 2042.5999755859375 2034.9000244140625 2023.5 2019.4000244140625 2018.800048828125 2018.0999755859375 2017.4000244140625 2018.9000244140625 2020.0999755859375 2011.300048828125 2001.800048828125 1987.5999755859375
2153.699951171875 2155.699951171875 2159.199951171875 2163.39990234375 2170.10009765625 2169.699951171875 2169.10009765625 2167.699951171875 2164.699951171875 2164.800048828125 2168.10009765625 2162.699951171875 2148 2138.699951171875 2136.199951171875 2133.39990234375 2132.39990234375 2140.5 2160 2173.800048828125 2178.199951171875 2180.699951171875 2186.60009765625 2195.699951171875 2206.89990234375 2210.199951171875 2180.800048828125 2143.39990234375 2105.300048828125 2087.60009765625 2073.60009765625 2068.199951171875 2060.5 2055.199951171875 2050.10009765625 2045 2040.199951171875 2031.4000244140625 2032 2025.5 2019.699951171875 2018.800048828125 2016 2016.5 2011.0999755859375 2002.5999755859375 1990.199951171875
2160.199951171875 2162.39990234375 2167.199951171875 2172.800048828125 2178.5 2179.5 2179.199951171875 2177.199951171875 2174.5 2176.300048828125 2177.300048828125 2166.60009765625 2156.60009765625 2147.300048828125 2143.199951171875 2139.699951171875 2143.89990234375 2157.5 2172.60009765625 2186.699951171875 2200.5 2196.199951171875 2189.60009765625 2189.10009765625 2190.300048828125 2191.300048828125 2200 2159.300048828125 2122.800048828125 2095.300048828125 2078 2077.199951171875 2064.60009765625 2057.10009765625 2052 2047.0999755859375 2045.800048828125 2043.5999755859375 2044.199951171875 2042.0999755859375 2034.5999755859375 2024.699951171875 2018.699951171875 2011.699951171875 2006.0999755859375 2000 1990.9000244140625
2171.199951171875 2173.300048828125 2177.699951171875 2184.60009765625 2193.60009765625 2195.199951171875 2193.199951171875 2191.10009765625 2187.10009765625 2189.39990234375 2182 2168.60009765625 2158.60009765625 2157 2158.10009765625 2160.60009765625 2155.699951171875 2169.60009765625 2184.39990234375 2199.60009765625 2194.89990234375 2181.800048828125 2177.199951171875 2174.60009765625 2174.39990234375 2170.800048828125 2165.89990234375 2155.5 2130.60009765625 2102.699951171875 2089.699951171875 2084.199951171875 2069 2058.300048828125 2055.800048828125 2054.89990234375 2053.300048828125 2054.199951171875 2052 2049.800048828125 2043.699951171875 2032 2024.5 2019.4000244140625 2011.699951171875 2008 2002.300048828125
2182.5 2184.699951171875 2190.199951171875 2198.39990234375 2209.89990234375 2216.199951171875 2215.39990234375 2207.10009765625 2199.5 2199.10009765625 2184.39990234375 2174.5 2167.60009765625 2168.199951171875 2170 2172.800048828125 2170.60009765625 2172.89990234375 2181.89990234375 2189.10009765625 2182.300048828125 2176 2168.699951171875 2164.199951171875 2160.10009765625 2156.39990234375 2146.800048828125 2136.699951171875 2119 2105.800048828125 2099.699951171875 2091.60009765625 2075.300048828125 2066.60009765625 2062.199951171875 2062.199951171875 2063.800048828125 2064.699951171875 2059.5 2056.199951171875 2044.800048828125 2036.300048828125 2030.5999755859375 2026.800048828125 2025.9000244140625 2022.5 2016.800048828125
2195.800048828125 2198.199951171875 2205.10009765625 2216.60009765625 2228.60009765625 2237.89990234375 2232 2219.10009765625 2212.699951171875 2207.699951171875 2197.89990234375 2187.5 2183 2183.5 2182.800048828125 2184.39990234375 2184.300048828125 2182.300048828125 2185.5 2191.5 2188.39990234375 2183 2177.800048828125 2167.300048828125 2159.60009765625 2146.60009765625 2137.89990234375 2129.10009765625 2120.60009765625 2113.89990234375 2111.5 2099.39990234375 2083.39990234375 2074 2069.89990234375 2069.10009765625 2073 2075.89990234375 2072.5 2060.60009765625 2049.60009765625 2041.699951171875 2037.199951171875 2035.5 2039.199951171875 2037.9000244140625 2033.199951171875
2217.60009765625 2218.10009765625 2229.60009765625 2238.39990234375 2248.89990234375 2256.199951171875 2247.39990234375 2234.39990234375 2224.39990234375 2219.60009765625 2210.60009765625 2200.10009765625 2199.5 2200.89990234375 2199.89990234375 2195.89990234375 2193.300048828125 2190.300048828125 2189.89990234375 2199.5 2201 2197.10009765625 2190.800048828125 2179.5 2169.89990234375 2160.89990234375 2139.60009765625 2132.199951171875 2126.89990234375 2121.199951171875 2121.39990234375 2105.89990234375 2092.10009765625 2083.10009765625 2078.199951171875 2076.10009765625 2079.89990234375 2084.10009765625 2079.10009765625 2066.699951171875 2057.5 2051.39990234375 2046.5999755859375 2045.9000244140625 2048.10009765625 2045.699951171875 2043.800048828125
2246 2242.89990234375 2257.5 2264.5 2268.39990234375 2268.89990234375 2256.89990234375 2244.60009765625 2233.800048828125 2226.89990234375 2223.10009765625 2217.5 2216.60009765625 2215.89990234375 2212 2205.39990234375 2199.800048828125 2198.89990234375 2202.10009765625 2214.10009765625 2220.300048828125 2213.199951171875 2200.5 2185.10009765625 2170.89990234375 2157.199951171875 2144.39990234375 2140.699951171875 2135.699951171875 2130.39990234375 2124.199951171875 2113.39990234375 2099.39990234375 2091.89990234375 2085.199951171875 2084.800048828125 2089.300048828125 2088 2083.300048828125 2076.699951171875 2068.39990234375 2060.89990234375 2058.199951171875 2056.199951171875 2054.300048828125 2052.199951171875 2050.10009765625
2266.300048828125 2266.300048828125 2279.199951171875 2287.89990234375 2289.5 2276.5 2265.199951171875 2254 2241.10009765625 2236.10009765625 2236.199951171875 2231.60009765625 2230.60009765625 2226.39990234375 2221.5 2215.300048828125 2217.39990234375 2215.300048828125 2217.10009765625 2230.39990234375 2234.800048828125 2218.199951171875 2203.300048828125 2186.699951171875 2171.800048828125 2158.300048828125 2150.89990234375 2145.699951171875 2140.300048828125 2134.89990234375 2127.60009765625 2123.800048828125 2111.60009765625 2098.699951171875 2094.10009765625 2095.199951171875 2098 2094.5 2090.10009765625 2085 2082.300048828125 2075.60009765625 2072.300048828125 2067.60009765625 2059.60009765625 2056 2051.699951171875
2284 2285.699951171875 2296.699951171875 2300.89990234375 2293.89990234375 2286.60009765625 2274.699951171875 2262.60009765625 2249.300048828125 2247.10009765625 2247.60009765625 2244 2238.300048828125 2233.10009765625 2228.800048828125 2227.60009765625 2229.60009765625 2225.800048828125 2230 2245.800048828125 2243.39990234375 2222.10009765625 2205 2190.199951171875 2176.39990234375 2161.199951171875 2155.300048828125 2150.39990234375 2144.10009765625 2138 2140.199951171875 2132.199951171875 2121.60009765625 2111.89990234375 2107.699951171875 2103.39990234375 2103.699951171875 2100.5 2096.300048828125 2094.89990234375 2096 2090.199951171875 2083.60009765625 2076.699951171875 2066.300048828125 2058.300048828125 2052.5
2287.699951171875 2296.699951171875 2300.89990234375 2302.5 2301.699951171875 2295.39990234375 2283.39990234375 2269.5 2260.60009765625 2258.60009765625 2257 2252.10009765625 2245.800048828125 2241.89990234375 2239.699951171875 2239.89990234375 2241 2239.60009765625 2241.300048828125 2246.10009765625 2243.300048828125 2225.39990234375 2208.89990234375 2194.10009765625 2181.199951171875 2168.10009765625 2160.39990234375 2155.5 2152 2148.10009765625 2140.60009765625 2134.10009765625 2125.800048828125 2123.300048828125 2117.5 2112.89990234375 2108.89990234375 2105.300048828125 2102.300048828125 2101.800048828125 2102.5 2101.39990234375 2094.800048828125 2084.60009765625 2072.89990234375 2060.199951171875 2050.10009765625
2276.10009765625 2282.800048828125 2296.300048828125 2299 2303.300048828125 2302.699951171875 2292.89990234375 2281.10009765625 2274.300048828125 2270.800048828125 2266.5 2259.5 2255.800048828125 2252.199951171875 2251.300048828125 2251.60009765625 2253.800048828125 2258.89990234375 2255.60009765625 2250.60009765625 2247.10009765625 2226.199951171875 2209.39990234375 2194.699951171875 2184.89990234375 2176 2169.800048828125 2166.10009765625 2157.300048828125 2149.800048828125 2139.89990234375 2137.10009765625 2134.39990234375 2131.800048828125 2124.39990234375 2118.199951171875 2114.60009765625 2111.60009765625 2108.10009765625 2106 2106.5 2105 2097.800048828125 2087.5 2075.89990234375 2063.60009765625 2055.60009765625
2262.89990234375 2270.60009765625 2280 2286.699951171875 2294.699951171875 2303.60009765625 2303.60009765625 2294.800048828125 2286.60009765625 2280.5 2275 2269.5 2265.800048828125 2263.5 2263.10009765625 2261.89990234375 2265.39990234375 2272.699951171875 2266.800048828125 2259.199951171875 2250.5 2227.199951171875 2210 2199.5 2191.199951171875 2183.300048828125 2181.199951171875 2176.39990234375 2162.89990234375 2154.300048828125 2147 2145.60009765625 2145.10009765625 2139.800048828125 2132.199951171875 2124.699951171875 2120.60009765625 2117.89990234375 2113.89990234375 2111.10009765625 2110.699951171875 2106.699951171875 2099.89990234375 2088.39990234375 2076.89990234375 2075.5 2068.5
2255.10009765625 2259.5 2268 2276.5 2285.300048828125 2294.699951171875 2304.5 2308.199951171875 2298.89990234375 2291.89990234375 2285 2279.5 2278.39990234375 2276.60009765625 2275 2275.800048828125 2282.60009765625 2287 2276.300048828125 2265.5 2245 2227.39990234375 2214.89990234375 2207.800048828125 2198.5 2191.5 2187.60009765625 2182.60009765625 2172.699951171875 2159.60009765625 2153.300048828125 2150.800048828125 2155.39990234375 2154.199951171875 2138.800048828125 2132.39990234375 2127.5 2122.699951171875 2119.800048828125 2116.89990234375 2115.60009765625 2109.39990234375 2102.5 2091.89990234375 2088.199951171875 2085.89990234375 2080.699951171875
