DHM25_subset_stantoenien.asc
ncols        489
nrows        482
xllcorner    775665.000000000000
yllcorner    198942.000000000000
cellsize     25.000000000000
NODATA_value  -9999
[rows 189 to 209 of 482, columns 0 to 46 of 489]
1041.4000244140625 1043.4000244140625 1047.5 1045.800048828125 1043.5999755859375 1044.300048828125 1055.5999755859375 1061.9000244140625 1058.800048828125 1054.5999755859375 1059.4000244140625 1068.9000244140625 1079.4000244140625 1094.199951171875 1112.0999755859375 1117 1116.800048828125 1114.800048828125 1114.9000244140625 1120.699951171875 1132.699951171875 1144.4000244140625 1153.0999755859375 1151.5999755859375 1140.5999755859375 1130.5 1119.699951171875 1124 1135.5999755859375 1141.5999755859375 1142.199951171875 1138 1125.5 1103.0999755859375 1089.5 1105.5 1118.9000244140625 1116.699951171875 1124.800048828125 1132.9000244140625 1135.0999755859375 1134 1132.699951171875 1134.5999755859375 1111.9000244140625 1103.300048828125 1096.4000244140625
1053.5999755859375 1056.5999755859375 1060.5 1058.0999755859375 1055.4000244140625 1053.5999755859375 1061.5 1068.699951171875 1067 1068.5 1066.800048828125 1071.5 1083.9000244140625 1097.5 1113.4000244140625 1126.199951171875 1128.9000244140625 1127.699951171875 1130 1135.699951171875 1146.300048828125 1158 1163.699951171875 1159.5 1142.199951171875 1134.199951171875 1128.800048828125 1133.300048828125 1144.699951171875 1153.9000244140625 1155.0999755859375 1148.9000244140625 1136.0999755859375 1116.300048828125 1101.800048828125 1106.5999755859375 1133 1135 1135.699951171875 1149.0999755859375 1153.5 1152.800048828125 1148.800048828125 1143.800048828125 1127.199951171875 1117.5 1114.300048828125
1069.4000244140625 1073.300048828125 1073.4000244140625 1068.5 1066.300048828125 1064.800048828125 1068.0999755859375 1075.300048828125 1076.9000244140625 1079.0999755859375 1079.800048828125 1077.199951171875 1084.199951171875 1097.5 1112.800048828125 1128.300048828125 1140.5 1144.300048828125 1146.199951171875 1152.0999755859375 1161.699951171875 1168.800048828125 1170.4000244140625 1161.5 1143.699951171875 1138.4000244140625 1139.0999755859375 1143.0999755859375 1154.5 1164.300048828125 1167.4000244140625 1158.5999755859375 1144.4000244140625 1126.5999755859375 1111.5 1113.300048828125 1135.800048828125 1152.5 1147.5999755859375 1161 1169.300048828125 1168.9000244140625 1163.4000244140625 1152.5999755859375 1138.800048828125 1129.9000244140625 1127.5
1082.9000244140625 1084.9000244140625 1082.9000244140625 1079 1078.300048828125 1077.800048828125 1077.800048828125 1083.300048828125 1086.300048828125 1088.4000244140625 1090.5 1090.0999755859375 1089.9000244140625 1097.0999755859375 1109.699951171875 1124.300048828125 1140.5999755859375 1156.4000244140625 1161.800048828125 1166.699951171875 1174.800048828125 1181.4000244140625 1174.699951171875 1163.0999755859375 1150.4000244140625 1150.5 1151.4000244140625 1152.5999755859375 1161.4000244140625 1171.699951171875 1179 1172.5999755859375 1156.5 1138.300048828125 1123 1113.4000244140625 1134.800048828125 1158.300048828125 1167.300048828125 1174.300048828125 1182.800048828125 1182.5999755859375 1176.800048828125 1164.5 1151.199951171875 1143 1140
1091.5999755859375 1092.699951171875 1091.199951171875 1090.699951171875 1090 1088.5 1087.9000244140625 1092.800048828125 1095.0999755859375 1097.4000244140625 1099.5999755859375 1102.5999755859375 1103.0999755859375 1099.5999755859375 1107.199951171875 1122.300048828125 1136.5999755859375 1160.199951171875 1170.5 1178.4000244140625 1184.9000244140625 1190.4000244140625 1179.4000244140625 1168.5999755859375 1158.5999755859375 1161.4000244140625 1164.800048828125 1165.9000244140625 1168.5 1178.9000244140625 1188.5 1184.5 1170.5999755859375 1152.9000244140625 1137 1123.5 1132.9000244140625 1154.0999755859375 1173.0999755859375 1187.800048828125 1193.9000244140625 1195.199951171875 1187.699951171875 1177.699951171875 1165.800048828125 1156.699951171875 1153.300048828125
1102.699951171875 1102.699951171875 1102.5 1102.5 1100.699951171875 1099 1097.5999755859375 1101.9000244140625 1104.5999755859375 1107.199951171875 1110.800048828125 1114.9000244140625 1116 1116.800048828125 1115.9000244140625 1118.9000244140625 1134.699951171875 1154.5999755859375 1171.199951171875 1187.4000244140625 1198.300048828125 1197 1187.699951171875 1178.199951171875 1169.800048828125 1174.4000244140625 1179.699951171875 1178.300048828125 1178.5 1188 1196.5999755859375 1192.300048828125 1181 1167.5 1152.300048828125 1137.0999755859375 1139 1158.300048828125 1177.300048828125 1191.699951171875 1205.800048828125 1207.4000244140625 1200.5 1189.199951171875 1178.9000244140625 1172.199951171875 1168.4000244140625
1116.9000244140625 1117 1116 1114.5999755859375 1112.0999755859375 1110.300048828125 1110.9000244140625 1111.4000244140625 1114.9000244140625 1118.4000244140625 1123 1126.9000244140625 1130.699951171875 1132.5 1133.9000244140625 1134 1135 1153.5999755859375 1170 1188.5999755859375 1203.9000244140625 1204.0999755859375 1198.0999755859375 1189.5 1181.5999755859375 1187.5 1194.300048828125 1191.800048828125 1188.5999755859375 1197.800048828125 1207.5 1200.300048828125 1189.199951171875 1180.0999755859375 1166.4000244140625 1152.9000244140625 1146.9000244140625 1167.699951171875 1185.5999755859375 1200.800048828125 1217.4000244140625 1219.300048828125 1211.0999755859375 1199.699951171875 1190.5999755859375 1187.699951171875 1185.5999755859375
1136.0999755859375 1131.300048828125 1129 1126.5999755859375 1123.9000244140625 1124.199951171875 1125.199951171875 1121.5999755859375 1125.0999755859375 1131.5 1135.5 1138.699951171875 1142.300048828125 1147.300048828125 1151.5 1151.199951171875 1147.4000244140625 1154.5 1165.699951171875 1181.5 1202.5 1214.5999755859375 1211.4000244140625 1199.300048828125 1193.5 1197.4000244140625 1207.0999755859375 1206 1201.4000244140625 1208 1220 1212.0999755859375 1197.4000244140625 1188.4000244140625 1180 1166.5999755859375 1155.4000244140625 1170.5 1191 1208.5999755859375 1224.199951171875 1228.0999755859375 1222.699951171875 1211 1202.699951171875 1200 1205
1151.5999755859375 1147.300048828125 1142.300048828125 1138.800048828125 1136.0999755859375 1137.800048828125 1138.5 1135.300048828125 1135.800048828125 1143.5 1148.5999755859375 1152.300048828125 1156.5 1160.9000244140625 1165.699951171875 1167.5999755859375 1165.0999755859375 1161.699951171875 1166.5 1181.4000244140625 1202.5 1219 1222 1212.9000244140625 1206.5 1206.300048828125 1218.9000244140625 1221.300048828125 1214.5 1218.4000244140625 1228 1219.699951171875 1207 1200.9000244140625 1193.4000244140625 1183 1168.5999755859375 1167.699951171875 1189.5999755859375 1211.0999755859375 1227.300048828125 1239.300048828125 1236 1223.199951171875 1215.699951171875 1215 1227.4000244140625
1166.5 1164.699951171875 1158.199951171875 1153.699951171875 1150 1150.300048828125 1150.4000244140625 1148.699951171875 1149.300048828125 1153.5 1158.5 1163.5999755859375 1168.300048828125 1172.5999755859375 1179.199951171875 1182.199951171875 1180.5999755859375 1175.199951171875 1173.0999755859375 1182.5999755859375 1201.199951171875 1218.5 1230.800048828125 1223.800048828125 1219.300048828125 1217.5 1225.9000244140625 1232.0999755859375 1230 1231.0999755859375 1237.800048828125 1229.4000244140625 1216.800048828125 1210.699951171875 1204.5999755859375 1198.300048828125 1184.199951171875 1176.0999755859375 1180.199951171875 1206.800048828125 1229.199951171875 1244.699951171875 1245.0999755859375 1240.699951171875 1231.199951171875 1227.5999755859375 1242.0999755859375
1176.5 1182.800048828125 1176.199951171875 1168.5 1164.5 1164.300048828125 1162.5 1162.4000244140625 1163.5 1166.300048828125 1168.5 1173.5 1179 1184.800048828125 1190.300048828125 1194.199951171875 1194.199951171875 1190.4000244140625 1187.4000244140625 1186.9000244140625 1196.0999755859375 1216.699951171875 1233.800048828125 1236.300048828125 1231 1228.4000244140625 1235.5999755859375 1244.199951171875 1244.199951171875 1244.4000244140625 1246.5 1234.5 1224.9000244140625 1218.5999755859375 1214.199951171875 1208 1198.199951171875 1188.699951171875 1181 1204.5999755859375 1227.5 1244.9000244140625 1256.9000244140625 1253.699951171875 1245 1240.5 1250.199951171875
1184.800048828125 1192.5 1187.300048828125 1180.4000244140625 1179.199951171875 1174.699951171875 1171.5999755859375 1171.5 1173.699951171875 1176.699951171875 1178.300048828125 1183.5999755859375 1190.800048828125 1196.5 1201.4000244140625 1206.0999755859375 1208.0999755859375 1208.4000244140625 1204.0999755859375 1203.0999755859375 1201.4000244140625 1215.199951171875 1233.9000244140625 1247.0999755859375 1241.9000244140625 1238.9000244140625 1242.9000244140625 1253.199951171875 1255.199951171875 1255.9000244140625 1250.800048828125 1238.199951171875 1232.300048828125 1227.800048828125 1223.5 1216.0999755859375 1206.199951171875 1202.699951171875 1195.0999755859375 1200.800048828125 1222.300048828125 1242.300048828125 1258.300048828125 1262.9000244140625 1259 1251.5999755859375 1257.0999755859375
1190.199951171875 1201.0999755859375 1200.5999755859375 1195.5 1195 1186.300048828125 1181.0999755859375 1181 1184.699951171875 1189.4000244140625 1192 1193.199951171875 1200.4000244140625 1209.300048828125 1215.0999755859375 1220.0999755859375 1223 1224.5999755859375 1224.800048828125 1224.800048828125 1221.5 1216.199951171875 1230 1249 1256.5 1251.800048828125 1254 1261.5999755859375 1265.800048828125 1265 1261.199951171875 1248.699951171875 1242.0999755859375 1236.9000244140625 1230.5999755859375 1222 1218.300048828125 1215.699951171875 1204.300048828125 1198 1216 1237.800048828125 1253.699951171875 1264.9000244140625 1267.5 1263.5999755859375 1265.5999755859375
1199.800048828125 1205.199951171875 1205.800048828125 1206.300048828125 1206.4000244140625 1199.4000244140625 1193.0999755859375 1193 1196.800048828125 1202.800048828125 1205.699951171875 1205.0999755859375 1210.699951171875 1220 1228 1234.199951171875 1239.0999755859375 1239.699951171875 1240.300048828125 1240.9000244140625 1237.300048828125 1232.9000244140625 1236.0999755859375 1252.9000244140625 1265.800048828125 1264.0999755859375 1266 1270.199951171875 1275.300048828125 1275.5999755859375 1272 1262.5 1255.699951171875 1247 1238 1230.0999755859375 1232.5999755859375 1227.5 1215.199951171875 1203.300048828125 1209.800048828125 1230.5999755859375 1248.4000244140625 1263.0999755859375 1276.300048828125 1278.9000244140625 1278.4000244140625
1204.800048828125 1209.300048828125 1213.199951171875 1215.199951171875 1215.5999755859375 1212.199951171875 1208 1206.5999755859375 1212.4000244140625 1216.9000244140625 1219.699951171875 1218.5999755859375 1222.199951171875 1228.5999755859375 1236.800048828125 1245.699951171875 1251.800048828125 1253.5999755859375 1255.300048828125 1254.800048828125 1251.800048828125 1249.699951171875 1244 1248.199951171875 1263.0999755859375 1274.4000244140625 1276.800048828125 1280.9000244140625 1284.699951171875 1286.800048828125 1285.4000244140625 1278.699951171875 1267.4000244140625 1255.5 1243.5999755859375 1241.199951171875 1244.5999755859375 1236.699951171875 1223.300048828125 1214.800048828125 1213.5 1225 1243 1256.5999755859375 1271.0999755859375 1280.9000244140625 1284.800048828125
1210.5 1214 1218 1220.699951171875 1224.0999755859375 1225.300048828125 1221.9000244140625 1221.0999755859375 1228.5999755859375 1232.4000244140625 1235.199951171875 1233.5 1233.199951171875 1237.800048828125 1246.0999755859375 1254.5999755859375 1262.699951171875 1265.5999755859375 1267.5 1268.4000244140625 1267.5999755859375 1265.5 1259.5 1254.0999755859375 1258.699951171875 1281.5999755859375 1285.0999755859375 1290 1294.4000244140625 1297.199951171875 1297.300048828125 1289.0999755859375 1275.0999755859375 1261.5 1251.800048828125 1251.699951171875 1254 1245.4000244140625 1230.300048828125 1225.800048828125 1222.800048828125 1225.0999755859375 1237.199951171875 1250.800048828125 1259.5 1269.4000244140625 1281.0999755859375
1216.699951171875 1219.300048828125 1224 1228 1231.4000244140625 1233.800048828125 1237 1238.300048828125 1241.699951171875 1243.699951171875 1246.699951171875 1246.800048828125 1247.800048828125 1252.5 1256 1263.5 1268.800048828125 1274.699951171875 1278.5 1281.4000244140625 1282.4000244140625 1280.0999755859375 1274.699951171875 1265.5999755859375 1261.699951171875 1282.199951171875 1294.5 1299.199951171875 1303.5 1305.9000244140625 1305.0999755859375 1298 1282.300048828125 1268 1259.5999755859375 1260.4000244140625 1263.800048828125 1252.4000244140625 1238.4000244140625 1237.699951171875 1236 1236.199951171875 1239.300048828125 1245.4000244140625 1254.199951171875 1263.800048828125 1276.199951171875
1223.4000244140625 1226.800048828125 1230.9000244140625 1235 1238.5999755859375 1242 1245.300048828125 1248.5999755859375 1250.9000244140625 1253.300048828125 1256.699951171875 1259.5 1261.300048828125 1264.9000244140625 1269.0999755859375 1272.5 1276.5999755859375 1281.0999755859375 1287.5 1290.800048828125 1295.199951171875 1297.0999755859375 1292.0999755859375 1278.5 1272.5999755859375 1278.699951171875 1301.9000244140625 1307.9000244140625 1312.699951171875 1314.0999755859375 1311 1301.199951171875 1288 1275.800048828125 1270.5 1272.800048828125 1269 1258 1251.5 1250.800048828125 1248.300048828125 1246.5999755859375 1251.4000244140625 1254.199951171875 1258.800048828125 1267.699951171875 1277.199951171875
1230.5 1234.199951171875 1237.9000244140625 1242 1246.0999755859375 1249.4000244140625 1252.9000244140625 1256.5999755859375 1260 1262.9000244140625 1265.9000244140625 1268.5 1271 1274 1278.199951171875 1281.9000244140625 1285.4000244140625 1288.300048828125 1294.300048828125 1300.5999755859375 1305.800048828125 1307.5999755859375 1304.699951171875 1291.699951171875 1284.300048828125 1280.699951171875 1301.800048828125 1315 1323.199951171875 1325.0999755859375 1317.5999755859375 1303.4000244140625 1291.699951171875 1284.5999755859375 1282.9000244140625 1284.5 1280.699951171875 1266.9000244140625 1264.5999755859375 1264.0999755859375 1264.199951171875 1262 1263.9000244140625 1268 1269.5 1274.199951171875 1283.9000244140625
1237.5999755859375 1241.4000244140625 1245.5999755859375 1249.4000244140625 1253.199951171875 1256.9000244140625 1260.5999755859375 1264.5999755859375 1268.5999755859375 1271.699951171875 1274.5 1277.199951171875 1279.800048828125 1282.5 1285.9000244140625 1289.300048828125 1293.4000244140625 1296.5999755859375 1302.199951171875 1310.800048828125 1315.699951171875 1316.4000244140625 1313 1303.5999755859375 1293.4000244140625 1289.9000244140625 1302.699951171875 1326.5 1338.0999755859375 1335 1321.800048828125 1309.4000244140625 1299.5 1295.800048828125 1295.800048828125 1294.800048828125 1286.300048828125 1277.5999755859375 1277.5999755859375 1279.800048828125 1279.199951171875 1278.300048828125 1280.4000244140625 1282.4000244140625 1283.0999755859375 1288 1293.0999755859375
1245 1249.199951171875 1253.4000244140625 1257.199951171875 1261.0999755859375 1265.5 1269.300048828125 1273.199951171875 1277 1280.4000244140625 1282.699951171875 1285.0999755859375 1287.4000244140625 1290.4000244140625 1293.5999755859375 1296.800048828125 1300 1306 1309 1320.199951171875 1323.5999755859375 1324.5999755859375 1324.199951171875 1318.5999755859375 1304.5999755859375 1297.5999755859375 1304 1331.5 1343.5 1340.5 1325.300048828125 1313.0999755859375 1307.800048828125 1306.699951171875 1306.699951171875 1305.5 1295.4000244140625 1291.300048828125 1294.0999755859375 1296.5 1297 1295 1295.199951171875 1295.199951171875 1295.5999755859375 1301.5999755859375 1303.5999755859375
