DHM25_subset.asc
ncols        198
nrows        140
xllcorner    783054.000000000000
yllcorner    203748.000000000000
cellsize     25.000000000000
NODATA_value  -9999
[rows 42 to 62 of 140, columns 48 to 95 of 198]
2197.39990234375 2214.699951171875 2236.199951171875 2245 2250.10009765625 2252 2223.699951171875 2199 2197.39990234375 2199.199951171875 2231.5 2262.199951171875 2258.60009765625 2241.300048828125 2221.39990234375 2194.699951171875 2192.300048828125 2191.5 2190.300048828125 2190 2186.60009765625 2185 2180.800048828125 2174.800048828125 2169.60009765625 2170.199951171875 2177.800048828125 2177.300048828125 2175.199951171875 2178.39990234375 2180 2172.5 2179.699951171875 2184.5 2183.89990234375 2185.800048828125 2190.60009765625 2197.300048828125 2205.800048828125 2214.39990234375 2216.60009765625 2224.89990234375 2238.39990234375 2254.60009765625 2272.699951171875 2292.60009765625 2313.699951171875 2329.89990234375
2197.39990234375 2228.300048828125 2281.10009765625 2287.199951171875 2289.5 2271.89990234375 2250.60009765625 2220 2224 2239.39990234375 2280.800048828125 2277.699951171875 2267.300048828125 2253.300048828125 2233.300048828125 2210.89990234375 2208 2205 2201.89990234375 2198.89990234375 2196.199951171875 2192 2187.199951171875 2178.699951171875 2177.39990234375 2182.699951171875 2185.199951171875 2183.39990234375 2182.300048828125 2182.10009765625 2182.39990234375 2180.300048828125 2178.10009765625 2184.10009765625 2188.39990234375 2189.699951171875 2194.10009765625 2200.699951171875 2211.10009765625 2221.39990234375 2228.5 2235.699951171875 2246.800048828125 2257.39990234375 2275.60009765625 2292.60009765625 2315.800048828125 2327.800048828125
2195 2217 2286.199951171875 2320 2330.300048828125 2291.199951171875 2278.10009765625 2266.199951171875 2272.5 2272.60009765625 2293 2285.60009765625 2271.800048828125 2257.199951171875 2237.699951171875 2231.10009765625 2229.300048828125 2225.39990234375 2220 2213.89990234375 2207.10009765625 2201.800048828125 2196 2190.800048828125 2190.699951171875 2191.39990234375 2191.5 2187.89990234375 2186.300048828125 2185.10009765625 2184.800048828125 2181.10009765625 2181.199951171875 2183.800048828125 2187.89990234375 2192.699951171875 2198 2207.89990234375 2220.300048828125 2227.300048828125 2235.5 2245.300048828125 2258.199951171875 2266.300048828125 2277.39990234375 2288.89990234375 2309.5 2320.699951171875
2200.800048828125 2226.300048828125 2278.300048828125 2340.699951171875 2355.10009765625 2313 2297.10009765625 2308.300048828125 2288.60009765625 2287.699951171875 2306.199951171875 2293.800048828125 2281.5 2271.10009765625 2256.300048828125 2249.39990234375 2253.199951171875 2243.199951171875 2233.699951171875 2226 2218.89990234375 2213.199951171875 2207.5 2203.39990234375 2199.199951171875 2197.89990234375 2196.199951171875 2193.10009765625 2190.39990234375 2188.300048828125 2186.5 2182.39990234375 2180.699951171875 2186.800048828125 2189.60009765625 2194.5 2200 2209.800048828125 2223 2233.89990234375 2243.39990234375 2256.800048828125 2267.199951171875 2275.300048828125 2282.5 2287.60009765625 2301.60009765625 2306.10009765625
2204.60009765625 2224.89990234375 2273.39990234375 2339.699951171875 2367.89990234375 2348.199951171875 2331.5 2319.199951171875 2303.5 2309.199951171875 2319.10009765625 2307.5 2296.39990234375 2285 2272.199951171875 2268.300048828125 2267 2254.39990234375 2245.5 2237.10009765625 2230.89990234375 2223.39990234375 2220.39990234375 2216.10009765625 2212.10009765625 2207.300048828125 2202.39990234375 2198.60009765625 2195.89990234375 2193.199951171875 2189.300048828125 2185.60009765625 2183.199951171875 2189.800048828125 2192.699951171875 2196.60009765625 2203.60009765625 2213 2224.10009765625 2237.199951171875 2250.10009765625 2262.39990234375 2272.300048828125 2280.89990234375 2285 2288.10009765625 2289.699951171875 2292.699951171875
2207.800048828125 2227.199951171875 2288.699951171875 2362.199951171875 2376.800048828125 2359.300048828125 2345.699951171875 2336.300048828125 2325 2332.800048828125 2340.300048828125 2330.60009765625 2317.89990234375 2302.5 2290 2282.39990234375 2277.10009765625 2265.699951171875 2256 2249.199951171875 2244.300048828125 2243.300048828125 2239.39990234375 2237.699951171875 2229.5 2221.10009765625 2216.199951171875 2210.800048828125 2203.300048828125 2198.300048828125 2191.89990234375 2187.800048828125 2187 2192.199951171875 2197.60009765625 2198.89990234375 2204.800048828125 2214 2224.39990234375 2237.89990234375 2250.39990234375 2262.60009765625 2272.89990234375 2280.39990234375 2282.60009765625 2285.10009765625 2286.800048828125 2288.300048828125
2220.10009765625 2238.89990234375 2280 2353.89990234375 2379.199951171875 2380.60009765625 2367.89990234375 2352 2344.5 2347.89990234375 2350.39990234375 2342.89990234375 2332.39990234375 2324 2306.39990234375 2301 2290.39990234375 2277.89990234375 2269.5 2266.60009765625 2266.199951171875 2267.10009765625 2266.199951171875 2266.199951171875 2254.699951171875 2238.300048828125 2231.60009765625 2225.699951171875 2218.199951171875 2207.199951171875 2197.89990234375 2191.699951171875 2189.800048828125 2196 2202.5 2204.10009765625 2206.5 2215.5 2224.199951171875 2238.5 2250.60009765625 2262.60009765625 2271.89990234375 2279.5 2281.5 2283.10009765625 2285.199951171875 2287.300048828125
2227.5 2245.300048828125 2281 2337.699951171875 2371.699951171875 2387.39990234375 2376 2366.39990234375 2362.300048828125 2363 2361 2354.39990234375 2347.800048828125 2333.60009765625 2323 2316.699951171875 2305.5 2295 2285.699951171875 2287.300048828125 2288.300048828125 2291.300048828125 2287.800048828125 2282.10009765625 2267.300048828125 2257.60009765625 2250 2239.39990234375 2230 2218.699951171875 2207.89990234375 2198.699951171875 2197.10009765625 2198.300048828125 2206 2210.5 2210.89990234375 2215.89990234375 2225.89990234375 2239.199951171875 2251.10009765625 2261.699951171875 2268.5 2275.300048828125 2280.60009765625 2282.800048828125 2285.39990234375 2287.800048828125
2239.300048828125 2270 2277.39990234375 2322.60009765625 2365.199951171875 2384.300048828125 2385.699951171875 2380.60009765625 2375.699951171875 2373.89990234375 2371.60009765625 2368.60009765625 2363 2351.199951171875 2341.89990234375 2333.39990234375 2322.5 2312.199951171875 2310.300048828125 2310.60009765625 2309.5 2318.89990234375 2311.800048828125 2303.60009765625 2290.10009765625 2276.800048828125 2270.800048828125 2263.60009765625 2250.699951171875 2238.5 2225.199951171875 2212.60009765625 2206.39990234375 2206 2212.699951171875 2217.5 2217.39990234375 2219 2228.800048828125 2240 2249.800048828125 2259.39990234375 2266.39990234375 2273.800048828125 2280.5 2283.10009765625 2285.60009765625 2288.199951171875
2241.5 2295.10009765625 2294 2299.300048828125 2352 2377.800048828125 2396.800048828125 2391.800048828125 2390.60009765625 2387.800048828125 2385.60009765625 2383.5 2379.39990234375 2371.5 2360.800048828125 2347.89990234375 2335.800048828125 2332 2334.60009765625 2336.60009765625 2335.300048828125 2344.5 2340 2328.300048828125 2309 2298 2296.800048828125 2290.199951171875 2276.199951171875 2266.699951171875 2248.699951171875 2229.300048828125 2217.5 2217.300048828125 2221.199951171875 2226.5 2225.199951171875 2224.39990234375 2232.60009765625 2242.5 2250 2258.39990234375 2266.199951171875 2274.60009765625 2281.10009765625 2284 2286.60009765625 2289.300048828125
2239.800048828125 2344 2346.300048828125 2345.800048828125 2345.10009765625 2365.699951171875 2388.60009765625 2406.5 2405.89990234375 2404.60009765625 2402.60009765625 2401.199951171875 2395.89990234375 2388.5 2378.89990234375 2368.89990234375 2369.10009765625 2362.60009765625 2356.60009765625 2353.60009765625 2357.699951171875 2363.5 2358 2344.39990234375 2330.199951171875 2323.10009765625 2328.60009765625 2324.199951171875 2306 2284.5 2264.199951171875 2239.60009765625 2230.199951171875 2229.5 2232.89990234375 2237.89990234375 2235.39990234375 2232.39990234375 2240.199951171875 2244.60009765625 2252.5 2260.39990234375 2268.89990234375 2277.5 2282.199951171875 2285.89990234375 2287.5 2289.800048828125
2271.39990234375 2353.10009765625 2361.300048828125 2357.199951171875 2354.5 2365.800048828125 2391.300048828125 2424.199951171875 2426.699951171875 2421.10009765625 2418.60009765625 2419.5 2412.60009765625 2408.89990234375 2393.699951171875 2386.300048828125 2388.300048828125 2386.10009765625 2386.89990234375 2380.39990234375 2379 2377.39990234375 2369.10009765625 2363.89990234375 2360.60009765625 2347.699951171875 2338.10009765625 2325 2310.800048828125 2294.39990234375 2275.199951171875 2251.699951171875 2242.60009765625 2242.39990234375 2243.800048828125 2246.10009765625 2242.89990234375 2241.60009765625 2245.39990234375 2249.199951171875 2253.699951171875 2261 2268.699951171875 2277.300048828125 2285.5 2290.39990234375 2290.60009765625 2293.39990234375
2319.60009765625 2362.5 2375.10009765625 2373.60009765625 2375.199951171875 2402.39990234375 2422.89990234375 2437.800048828125 2450.10009765625 2443.800048828125 2438.89990234375 2434.699951171875 2432.60009765625 2432.300048828125 2413.89990234375 2413.199951171875 2417.699951171875 2422.699951171875 2418.5 2402.800048828125 2394.10009765625 2379.199951171875 2365.300048828125 2354.60009765625 2338.199951171875 2329.10009765625 2321.39990234375 2310.39990234375 2302 2292.199951171875 2274.89990234375 2258.800048828125 2255.60009765625 2254.10009765625 2253.300048828125 2253.699951171875 2252.199951171875 2252.89990234375 2254.89990234375 2256.300048828125 2259.300048828125 2261.300048828125 2268.10009765625 2277.39990234375 2284.300048828125 2290.10009765625 2292.10009765625 2297.89990234375
2334.5 2359.800048828125 2376.10009765625 2391.699951171875 2402.300048828125 2429.89990234375 2439 2450.5 2469.60009765625 2463.89990234375 2455.800048828125 2452.89990234375 2453 2457.60009765625 2441 2441 2460.199951171875 2443.60009765625 2430.5 2422.39990234375 2398.800048828125 2363.5 2348.5 2335.10009765625 2324.39990234375 2315.39990234375 2306.800048828125 2298.89990234375 2293.300048828125 2284.89990234375 2276.5 2270.39990234375 2267.39990234375 2266.10009765625 2264.800048828125 2263.199951171875 2262.300048828125 2263.199951171875 2267.699951171875 2271.60009765625 2272.10009765625 2274.5 2274.199951171875 2276.199951171875 2281.10009765625 2285.699951171875 2289.800048828125 2296.39990234375
2322.199951171875 2353.39990234375 2376.5 2397 2417.300048828125 2441.60009765625 2465.60009765625 2475.60009765625 2493.800048828125 2487.89990234375 2482.60009765625 2478.800048828125 2478 2477.5 2468.60009765625 2453.89990234375 2440.10009765625 2427.10009765625 2416 2408.39990234375 2385.300048828125 2354.300048828125 2338.699951171875 2323.10009765625 2315.39990234375 2308.800048828125 2302.60009765625 2300.89990234375 2297.800048828125 2291.89990234375 2285.89990234375 2281.89990234375 2278.800048828125 2277.199951171875 2274.699951171875 2272.60009765625 2272 2271.5 2276.60009765625 2291.300048828125 2295.39990234375 2286.5 2284.60009765625 2283.800048828125 2288.39990234375 2293.60009765625 2293.10009765625 2301.199951171875
2320.10009765625 2350.699951171875 2373.800048828125 2397.5 2416.699951171875 2445 2474 2490.5 2508.60009765625 2523.800048828125 2522.199951171875 2507.39990234375 2494.10009765625 2480.199951171875 2459.10009765625 2436.39990234375 2416.5 2407.10009765625 2400 2389.800048828125 2375.800048828125 2341.199951171875 2330.39990234375 2324.199951171875 2319.10009765625 2315.699951171875 2312.300048828125 2310.5 2308 2302.5 2296.60009765625 2294.39990234375 2292.699951171875 2289.300048828125 2285.60009765625 2283.300048828125 2282.60009765625 2281.89990234375 2287.5 2304.10009765625 2308.800048828125 2302.699951171875 2297.89990234375 2293.5 2297.39990234375 2305.60009765625 2301.699951171875 2310.300048828125
2313.39990234375 2343 2359 2381.60009765625 2401 2440.5 2480.699951171875 2489.10009765625 2502.300048828125 2535 2527.300048828125 2510.89990234375 2500.800048828125 2465.5 2444.60009765625 2420.199951171875 2405.10009765625 2395.60009765625 2384.800048828125 2372.800048828125 2355.5 2344.10009765625 2338.10009765625 2333.5 2328.5 2325 2322.5 2320 2318.10009765625 2312.699951171875 2308.300048828125 2308.10009765625 2305.60009765625 2301.89990234375 2299.10009765625 2297.300048828125 2296.699951171875 2300.60009765625 2307.300048828125 2317.300048828125 2318.89990234375 2318.199951171875 2315.800048828125 2309.199951171875 2309.60009765625 2318.10009765625 2315.39990234375 2319.39990234375
2314.300048828125 2361.699951171875 2366.199951171875 2378.699951171875 2397.39990234375 2428.89990234375 2460 2479.60009765625 2511.5 2541.199951171875 2526.60009765625 2506.10009765625 2494.39990234375 2466.60009765625 2440.39990234375 2409.10009765625 2397.199951171875 2390.39990234375 2383.699951171875 2373.800048828125 2359.800048828125 2353.699951171875 2347.89990234375 2344.39990234375 2341.199951171875 2338.39990234375 2335.5 2332.699951171875 2330.60009765625 2324.60009765625 2320.5 2321.5 2319.800048828125 2317.199951171875 2314.699951171875 2312.199951171875 2312.699951171875 2315.800048828125 2334.300048828125 2348.39990234375 2340.5 2333.39990234375 2328.800048828125 2325.800048828125 2324.39990234375 2330 2329.699951171875 2332
2341 2378.10009765625 2383.10009765625 2400.800048828125 2428.199951171875 2444.60009765625 2478 2494 2513.199951171875 2536.199951171875 2516.300048828125 2499.10009765625 2485 2455.699951171875 2431.199951171875 2411.300048828125 2400.800048828125 2394.39990234375 2387.60009765625 2380.800048828125 2371 2364.89990234375 2359.5 2355.199951171875 2351.699951171875 2349 2348.60009765625 2345.5 2343.699951171875 2339.5 2335.10009765625 2334.800048828125 2334.800048828125 2333.699951171875 2330.5 2329.39990234375 2332.800048828125 2346.699951171875 2366.699951171875 2374.300048828125 2366.800048828125 2363.300048828125 2347.39990234375 2340.800048828125 2340.699951171875 2339.5 2344.39990234375 2345.39990234375
2350.89990234375 2378.800048828125 2395.10009765625 2417.39990234375 2431.10009765625 2445.699951171875 2463.60009765625 2486.39990234375 2509.199951171875 2529.89990234375 2508.60009765625 2493 2482 2458.60009765625 2438.10009765625 2418.89990234375 2410.199951171875 2403.89990234375 2397.89990234375 2390.60009765625 2383.60009765625 2380.300048828125 2376.5 2370 2362.60009765625 2358.699951171875 2360.199951171875 2359.699951171875 2357.60009765625 2356.89990234375 2360.699951171875 2355.39990234375 2355.39990234375 2355.39990234375 2348.199951171875 2348.199951171875 2353.199951171875 2378.800048828125 2412.60009765625 2408.5 2390.89990234375 2379.199951171875 2362.60009765625 2346.89990234375 2346.699951171875 2347.5 2355 2359.800048828125
2315.800048828125 2365 2390.39990234375 2403.5 2418.89990234375 2442.199951171875 2464.199951171875 2484.10009765625 2508.10009765625 2524 2506.800048828125 2486.39990234375 2470.300048828125 2454.300048828125 2438.60009765625 2426.699951171875 2420.800048828125 2414.39990234375 2409.39990234375 2404.699951171875 2397.800048828125 2394.10009765625 2391.300048828125 2385.10009765625 2380.800048828125 2378.300048828125 2376.800048828125 2374.89990234375 2373.89990234375 2378.5 2379 2374.300048828125 2375.300048828125 2373 2367.10009765625 2379.199951171875 2374.10009765625 2396.699951171875 2431.60009765625 2422.5 2409.800048828125 2385.89990234375 2363 2353.10009765625 2352.800048828125 2354.89990234375 2360.60009765625 2373
